194 203 213 229 301 308 409 440 522 560 602 676 927 986 1043 1129 1094 1083 1083 1150 1074 1061 1099 1165 1124 1097 1010 1052 1060 1033 967 956 938 945 929 946 909 892 932 946 891 889 902 869 950 970 862 849 863 833 806 860 834 803 771 729 683 681 619 560 494 449 456 420 423 395 369 352 325 323 373 354 338 278 273 283 272 309 255 212 212 222 241 190 188 181 166 185 163 167 146 175 134 113 115 97 93 101 90 72 74 57
162 155 201 198 220 280 312 423 473 567 592 652 802 939 958 1038 987 1023 985 1058 1059 1072 1053 1089 1069 1005 1025 1003 1007 963 974 980 989 981 893 991 971 853 899 922 886 911 895 914 894 972 868 922 874 913 946 887 897 831 820 803 744 733 609 623 502 478 438 412 413 383 364 363 320 322 311 263 264 273 268 245 212 243 201 191 178 191 175 168 159 144 163 136 136 130 139 141 148 102 107 104 85 108 76 92 75 82
87 87 106 130 152 167 242 291 342 439 488 563 724 778 905 924 980 1026 1004 1010 1034 1048 1012 1051 1078 1074 1050 1066 1045 982 993 951 958 964 984 916 1000 978 946 904 983 1038 956 1006 999 958 981 924 964 951 944 932 894 876 866 785 850 721 717 629 600 497 511 485 439 437 430 407 414 401 407 353 343 348 352 302 330 288 277 293 215 238 244 253 236 212 193 172 174 149 171 138 135 114 109 94 96 104 85 71 66 64
114 107 145 163 173 201 304 333 408 440 541 561 758 837 843 963 984 1035 964 962 967 975 987 1046 994 976 996 980 960 909 832 910 878 816 861 918 902 892 886 891 914 861 900 832 861 845 839 879 844 790 784 790 791 822 707 716 654 634 586 518 486 457 390 416 385 373 360 311 309 320 325 295 305 279 292 259 278 233 261 237 212 203 213 199 187 170 187 168 153 135 136 127 125 130 115 94 100 77 92 75 69 68
107 124 135 154 177 220 294 338 365 388 462 532 641 733 729 857 852 819 841 847 932 870 921 875 855 903 857 851 927 860 817 807 812 818 816 805 806 791 829 847 816 833 856 865 813 780 806 837 728 761 757 771 770 774 702 653 641 602 526 512 465 441 405 421 393 377 355 323 320 291 308 299 308 270 257 281 241 248 219 225 206 223 211 188 190 197 188 171 163 158 148 131 143 146 114 106 129 117 103 97 79 92
129 133 129 162 194 223 331 368 385 409 509 546 664 819 842 834 847 885 902 873 978 897 925 844 927 968 895 846 885 863 873 842 843 783 859 839 803 821 757 817 813 790 862 804 791 833 849 838 791 798 838 788 790 763 781 713 688 647 615 560 507 451 430 438 418 391 386 384 347 324 331 340 292 278 244 293 252 270 256 208 203 211 189 194 181 172 164 176 144 135 127 126 138 105 121 85 92 109 99 76 71 60
129 149 154 199 235 261 383 333 455 452 526 617 710 833 930 893 850 896 963 938 904 903 940 969 1007 963 925 972 943 937 905 862 924 857 870 888 899 886 847 885 885 879 943 883 856 931 859 887 854 884 856 841 831 819 750 760 727 623 660 676 532 476 456 484 444 343 381 341 368 305 306 263 267 237 242 243 225 209 186 174 163 166 153 135 140 118 132 130 113 136 112 102 114 110 100 99 83 95 75 58 67 60
90 113 123 156 177 190 296 334 404 503 559 661 866 883 1012 1132 1120 1074 1117 1094 1154 1097 1142 1095 1135 1138 1087 1095 1059 1077 1024 1018 1039 1039 970 996 969 975 994 1015 1042 996 1042 1023 952 1008 1086 1008 965 1009 969 935 918 970 863 832 794 743 732 677 580 530 485 490 462 440 451 402 406 385 374 363 398 332 357 324 329 347 299 276 272 260 253 271 206 191 200 189 183 167 181 177 162 149 130 103 110 103 109 101 75 72
149 156 180 212 231 250 351 412 453 534 573 657 811 955 999 969 1038 1023 1045 1025 1070 1028 1030 1042 1044 1015 999 1068 1045 990 1007 911 984 908 900 961 899 964 961 944 896 894 938 884 904 924 933 933 937 873 836 849 749 860 834 736 703 678 663 602 529 427 472 443 431 429 420 374 423 344 366 329 329 290 306 281 303 289 273 263 239 206 211 224 216 205 203 200 190 167 159 175 142 139 139 116 109 104 95 82 79 86
152 165 185 200 220 244 348 356 412 489 619 630 726 805 851 964 896 859 921 935 1002 963 914 998 945 954 952 915 918 925 867 885 859 851 838 874 881 844 820 840 857 853 893 852 877 801 869 846 801 799 798 788 758 751 772 746 733 634 646 566 466 479 428 443 426 390 371 347 324 366 311 323 274 305 291 281 273 277 228 239 211 228 225 201 194 199 182 141 182 150 153 130 134 136 107 111 85 98 102 95 88 63
153 162 180 186 221 250 341 383 412 484 561 589 719 776 834 884 944 874 915 870 959 975 938 849 865 848 911 875 926 945 926 927 860 859 830 860 794 815 807 872 806 783 834 808 848 841 753 799 780 789 828 783 771 778 764 732 732 600 609 525 510 480 486 454 424 370 407 386 365 332 350 319 317 291 299 297 287 268 247 249 221 207 210 205 216 175 188 135 180 160 161 131 140 137 119 111 104 95 107 76 72 76
151 185 193 221 232 284 361 432 435 512 568 621 761 896 869 888 918 1020 869 936 953 942 967 963 930 983 960 910 935 929 862 918 790 834 893 833 853 876 850 878 852 859 839 841 870 855 794 852 846 849 765 787 806 790 777 704 721 630 623 552 541 493 428 440 387 414 356 326 325 297 262 284 241 234 234 218 238 188 206 186 183 157 155 124 129 129 124 125 122 105 108 94 99 95 92 95 77 75 57 59 54 74
110 102 159 152 163 215 338 392 408 506 644 675 871 938 1027 1086 1124 1146 1126 1208 1142 1119 1133 1138 1070 1081 1074 1018 1040 1076 992 1029 1001 1031 1026 1048 1002 971 971 1032 990 990 1022 964 1005 907 932 942 918 921 919 888 927 911 929 913 811 770 756 694 557 567 539 537 493 507 459 411 450 415 433 389 387 367 347 339 352 346 322 277 291 268 278 242 228 219 202 191 207 173 146 151 159 148 134 104 121 108 94 85 62 56
139 177 155 194 211 259 361 401 481 506 575 694 856 906 929 996 1020 1047 981 1000 959 970 1014 1074 1010 960 940 945 929 966 899 910 960 904 904 887 882 926 913 902 947 907 920 896 895 940 972 840 858 802 876 845 785 832 789 737 736 679 614 590 505 468 492 447 446 408 380 359 366 325 310 309 270 296 291 301 250 265 252 230 205 254 253 221 202 177 183 167 163 161 164 129 126 121 128 126 92 98 92 83 76 63
159 189 193 218 249 248 350 381 436 475 532 639 807 805 943 964 911 926 880 968 989 953 960 939 971 920 959 924 920 914 871 851 877 878 877 822 875 861 921 853 837 868 848 866 862 870 885 893 758 854 882 778 759 795 756 785 702 660 651 603 517 497 460 449 431 449 353 341 367 328 349 347 326 373 313 297 290 286 251 246 228 222 198 210 214 206 169 174 166 174 125 133 135 139 132 100 111 100 90 79 76 75
150 191 208 235 229 284 391 446 446 528 590 678 786 904 965 937 940 936 963 931 923 934 917 958 1010 949 895 889 866 878 895 905 877 894 891 820 894 868 854 926 893 861 893 879 877 888 874 860 857 845 845 831 866 821 791 734 709 667 622 624 535 497 457 444 401 386 362 351 353 298 288 233 268 239 264 252 240 221 190 180 217 182 177 160 152 155 161 156 120 120 138 120 103 96 87 103 82 76 82 83 76 75
110 109 144 174 179 192 320 325 431 483 553 623 832 956 976 997 1033 1120 1078 1103 1023 1098 1066 1087 1044 1064 1087 1076 1045 1021 936 993 1047 962 999 995 991 969 927 1027 1048 1020 965 917 943 1005 897 960 909 922 960 948 914 953 924 914 883 741 744 714 626 631 513 511 502 506 466 421 428 434 364 362 348 326 358 318 274 284 259 248 235 245 239 229 217 208 175 172 144 172 156 146 139 120 117 108 104 107 83 98 64 64
132 150 172 196 226 250 323 389 458 512 587 701 813 932 961 982 1045 995 994 1068 1039 1025 971 1003 983 939 946 981 1009 897 892 919 880 889 931 849 868 800 867 828 830 857 812 803 793 823 859 798 844 825 766 774 764 743 730 742 679 638 593 629 510 498 432 397 409 395 333 357 377 367 344 340 332 349 294 307 285 283 276 252 258 281 227 212 207 182 176 212 170 144 170 134 141 129 131 114 99 102 86 70 62 73
130 139 156 180 199 202 310 370 400 497 534 534 748 795 824 900 845 860 870 904 928 965 968 929 977 968 919 969 969 909 873 860 854 881 827 865 855 902 838 847 768 864 838 829 795 865 836 850 823 842 821 781 719 803 768 681 704 679 624 589 555 487 478 426 402 395 388 366 359 341 346 360 344 320 294 260 303 313 267 257 222 251 221 226 210 185 183 195 135 166 168 155 125 128 111 105 117 89 82 86 51 69
185 213 222 229 286 294 382 428 470 578 609 708 765 869 927 942 991 976 1001 995 1041 994 965 961 949 947 1003 954 938 958 896 857 912 952 946 908 925 924 956 910 858 881 909 890 934 888 868 906 830 849 887 839 827 849 746 800 782 700 667 647 586 489 476 452 447 417 415 353 379 395 361 345 320 344 352 319 314 314 270 275 239 220 224 237 228 207 196 194 196 206 199 152 173 149 143 115 148 145 97 113 101 82
196 251 246 282 343 365 479 535 593 650 749 707 837 938 925 1005 1029 1023 1034 1036 1026 1022 1031 1045 1012 1047 993 1032 1046 997 891 893 925 922 881 892 865 896 922 907 913 894 915 932 901 896 935 911 841 848 847 842 812 827 771 755 730 628 621 603 525 495 481 426 421 368 353 316 335 302 278 285 280 268 248 243 232 238 181 203 196 180 158 182 167 145 146 171 154 147 117 110 103 102 106 97 98 79 89 74 61 46
80 119 131 129 175 241 338 339 409 507 555 695 866 918 984 1033 1039 1016 1091 1006 1152 1081 1151 1090 1047 1053 1073 1033 1078 1011 1027 1003 1022 980 939 1002 955 1026 1005 969 993 1008 969 966 1019 983 957 950 942 917 933 919 873 884 841 863 779 739 673 721 607 534 531 479 484 463 431 425 440 360 392 377 336 353 362 328 343 346 285 270 234 251 249 227 241 228 211 208 169 170 158 153 128 135 151 110 104 81 82 92 68 68
139 151 159 161 190 256 335 394 442 515 604 668 794 870 917 956 1022 948 1014 953 1033 993 973 966 966 1027 1000 926 955 856 960 859 863 926 867 817 863 885 877 778 822 850 820 874 865 843 841 784 798 804 815 741 760 764 763 763 836 718 617 616 505 476 501 445 441 413 369 363 384 318 345 316 315 301 267 299 245 279 271 246 238 242 228 200 195 178 170 156 146 138 157 138 140 120 117 103 86 98 88 91 81 69
148 171 186 202 219 248 352 380 450 512 575 606 783 821 859 887 874 849 843 879 946 933 883 883 886 902 910 883 902 871 850 851 868 767 845 777 754 819 747 819 801 807 799 799 805 784 783 788 797 751 771 751 748 754 668 700 661 648 556 571 466 495 439 404 410 385 371 362 354 309 320 308 271 302 322 267 262 255 223 243 226 211 236 188 186 202 166 159 163 142 127 151 168 135 112 87 105 87 93 66 76 50
150 182 193 179 212 248 353 374 437 467 570 619 709 752 771 882 810 845 763 882 874 861 915 965 869 822 929 861 889 917 898 800 834 851 862 851 796 811 797 810 810 744 779 790 839 806 792 799 769 738 815 726 768 761 700 698 687 642 646 606 509 478 450 435 417 435 379 396 359 341 322 324 310 298 268 303 278 268 236 209 224 198 187 189 180 185 130 171 150 118 145 113 137 128 113 103 114 109 82 74 87 59
158 160 204 194 235 264 351 410 428 453 549 607 804 909 889 845 1004 900 927 928 954 934 944 945 938 926 894 865 889 826 815 814 804 850 779 751 795 797 837 806 841 740 806 810 842 814 829 814 801 767 790 765 778 696 724 729 704 627 617 561 523 469 468 442 366 376 367 346 312 297 295 269 267 268 233 223 192 192 172 176 171 173 165 145 120 136 132 120 114 112 103 86 99 87 78 65 79 62 53 71 55 52
102 127 170 185 176 255 324 389 457 452 512 685 866 914 1019 1069 1045 1047 1075 1060 1120 1063 1074 1044 1046 1070 1047 1107 1059 1041 1014 1016 1008 1075 1006 978 1021 937 971 946 994 992 986 1027 986 984 994 998 939 945 1004 951 913 978 910 891 858 750 780 670 592 608 570 514 515 485 433 450 425 404 363 417 375 355 343 345 314 355 235 269 265 230 239 256 240 235 182 204 180 178 149 135 132 113 116 114 103 108 87 75 77 67
152 152 169 230 247 259 315 402 485 549 616 698 841 883 902 995 969 926 954 1039 1017 980 997 989 889 967 973 1030 974 978 885 936 852 904 864 843 871 899 847 848 887 884 832 830 788 841 791 816 841 783 775 783 775 737 727 742 733 661 667 601 503 531 479 438 441 404 386 391 359 341 362 326 331 268 318 309 314 272 244 241 236 238 209 227 180 200 175 169 188 133 171 163 162 140 139 155 126 103 101 104 82 82
154 153 211 236 240 240 333 396 430 534 539 586 737 793 828 893 909 934 895 908 943 926 931 932 896 906 958 936 848 855 857 809 808 843 842 803 803 823 820 792 828 810 828 862 802 831 814 823 753 805 809 789 787 742 710 698 723 649 632 577 501 538 448 435 414 396 389 352 349 357 315 310 247 311 283 291 301 278 245 246 221 223 217 218 162 176 189 173 171 162 136 143 129 125 124 116 113 93 92 89 76 62
153 179 186 222 228 264 349 410 447 504 563 604 691 803 769 813 810 913 850 922 949 850 915 938 916 899 883 875 897 864 802 831 774 814 832 837 851 821 810 818 838 814 836 773 827 829 828 763 772 767 796 742 734 753 757 708 725 674 657 626 587 482 474 439 446 415 407 381 353 331 351 318 274 277 297 282 227 232 220 202 216 243 213 207 167 171 151 151 133 127 146 146 133 107 105 99 93 104 90 68 80 55
217 233 232 254 289 308 457 436 504 582 663 687 865 909 929 939 990 980 937 1037 949 1017 983 967 984 919 1000 967 964 935 943 915 901 919 906 892 870 878 865 926 867 897 936 929 891 889 873 864 816 830 814 800 754 777 755 741 690 654 654 576 538 490 473 418 396 398 389 355 339 321 337 315 305 262 251 235 245 228 220 215 202 169 167 159 159 139 127 149 124 124 107 114 119 115 94 88 99 86 88 63 74 76
116 141 143 170 189 285 371 433 487 610 685 726 954 1113 1072 1151 1188 1172 1161 1178 1225 1117 1067 1134 1110 1123 1108 1122 1093 1113 1065 1019 1104 1058 965 995 1005 997 1045 990 988 1009 1000 1026 980 994 990 966 972 984 1033 934 939 965 882 872 854 782 745 740 580 585 564 533 489 474 458 402 442 389 401 394 365 368 359 323 357 320 281 280 298 266 273 253 222 226 213 204 196 203 150 165 150 130 149 116 113 99 81 72 83 58
170 205 228 230 258 288 441 464 514 551 659 741 866 944 945 1094 1072 1050 1023 1080 1017 1027 1080 1060 1064 1042 1047 1084 1058 1014 990 952 899 967 934 902 903 841 889 912 894 865 868 879 891 857 845 891 817 850 864 801 824 792 787 728 700 668 640 606 549 533 431 469 392 419 406 386 386 348 357 309 274 315 308 290 299 291 263 251 277 227 231 231 201 200 181 147 191 174 134 128 152 144 129 146 91 116 96 93 62 63
173 180 218 221 290 297 394 426 508 523 602 663 824 925 938 907 1012 967 987 974 1015 937 975 927 911 912 916 913 902 925 839 900 924 819 808 835 844 838 821 826 840 827 828 856 901 884 820 759 814 707 750 760 752 768 727 696 714 611 646 615 542 496 493 401 416 412 385 378 378 401 368 335 337 312 309 273 306 306 270 240 233 263 204 212 177 163 201 183 184 170 152 158 132 110 132 105 79 98 74 57 64 53
150 196 210 235 259 274 369 435 491 588 639 681 846 927 918 967 964 918 945 978 981 916 957 949 916 904 906 833 886 890 869 837 818 854 871 910 889 857 890 828 850 832 827 866 817 869 876 816 787 833 813 830 784 778 776 714 719 700 591 552 501 486 480 437 452 414 366 351 323 300 301 325 268 257 252 248 226 207 186 190 182 163 180 184 148 137 141 113 118 110 101 112 101 115 102 97 72 90 73 79 66 71
113 120 148 170 214 212 312 429 436 480 566 690 828 1007 1000 1078 1050 1122 1102 1112 1078 1124 1068 1056 1083 1045 1053 1041 1022 1014 989 1004 920 966 939 923 922 946 975 929 990 957 941 929 963 960 945 973 950 957 975 1005 952 1002 991 961 924 940 872 776 652 602 613 573 560 507 472 419 401 423 407 363 365 350 365 324 319 331 290 260 269 271 244 241 235 223 226 178 212 199 163 166 142 141 121 125 111 110 83 73 71 55
163 166 186 222 215 280 378 381 427 595 522 686 804 933 921 988 949 954 991 934 1002 903 979 930 948 979 935 937 895 886 864 864 969 940 938 865 864 808 831 786 817 877 811 820 780 795 803 814 741 783 794 783 727 709 727 651 709 596 532 494 487 484 461 394 400 432 364 334 340 299 320 275 304 302 276 287 303 286 273 257 222 257 248 222 217 188 210 182 190 156 163 156 158 126 136 113 107 105 92 58 75 75
120 149 162 180 196 235 333 373 397 446 545 610 752 862 877 821 901 888 877 927 942 913 918 938 901 896 928 847 884 835 816 854 809 767 821 787 795 869 824 894 854 849 803 858 839 815 816 785 744 729 800 749 728 761 726 665 697 643 637 599 533 473 525 451 475 418 381 357 346 323 329 299 280 291 305 267 256 279 274 223 243 248 222 220 188 207 190 165 168 183 179 147 172 131 103 94 91 94 83 71 65 66
198 225 229 268 262 317 411 445 517 572 642 656 890 924 955 956 983 965 972 996 1031 1024 976 924 937 909 985 895 927 931 900 873 934 857 871 879 841 884 855 862 899 858 862 879 884 828 887 872 828 847 864 826 870 808 813 804 745 715 691 684 542 532 535 490 462 473 432 410 382 374 412 395 366 353 350 328 327 325 273 248 244 249 227 236 210 217 203 196 209 188 173 164 127 147 152 126 120 114 99 110 77 74
226 255 294 324 337 370 482 546 569 712 695 784 923 993 961 1045 1060 1066 985 1079 1061 1078 1116 1059 1055 1040 994 982 933 921 978 955 860 891 898 834 883 861 879 842 895 834 855 941 864 878 908 861 821 824 827 823 804 823 809 772 729 675 619 620 536 526 501 449 445 393 384 330 355 351 299 269 271 242 250 267 233 214 204 157 187 190 157 165 176 133 153 129 157 122 121 115 119 103 111 98 69 92 81 65 61 52
135 148 190 202 223 265 355 420 458 545 601 738 912 1028 1041 1090 1097 1104 1078 1085 1120 1072 1149 1132 1074 1120 1100 1086 1098 1041 991 983 1020 1012 976 959 995 973 996 964 985 954 1001 953 987 920 959 934 939 912 906 910 885 884 867 841 830 743 731 692 608 552 599 527 525 495 396 440 416 363 414 372 324 362 370 330 318 308 284 291 244 252 227 251 225 218 188 202 186 169 159 154 161 126 121 110 111 104 72 66 69 69
137 177 183 192 218 262 350 383 491 545 580 654 804 848 922 962 982 976 989 968 1010 976 1001 959 990 985 1051 1003 973 922 888 836 920 887 842 877 842 877 895 823 878 838 827 863 786 804 834 759 818 759 824 723 762 757 729 724 642 599 593 606 491 477 529 456 438 390 347 339 354 336 326 337 306 296 286 292 289 278 246 248 216 218 215 215 210 185 172 184 144 147 144 149 149 108 98 87 71 74 64 72 69 67
138 144 168 175 199 221 322 364 419 458 501 579 752 776 859 879 878 874 825 899 844 871 899 861 874 894 836 864 841 917 774 822 796 794 789 809 809 789 805 739 776 806 816 778 779 707 744 784 776 745 749 746 680 709 708 672 659 617 593 528 490 468 462 408 367 370 348 294 327 357 314 284 296 273 273 289 280 212 246 215 188 184 222 213 177 176 162 165 159 165 122 107 142 115 99 98 75 70 74 80 72 46
164 185 203 205 210 262 360 408 438 518 556 559 707 806 872 862 899 857 859 829 854 863 840 863 863 846 843 802 799 801 822 778 755 795 766 759 781 791 791 769 751 789 757 814 822 820 804 771 756 760 712 762 751 682 700 705 695 593 602 544 494 467 460 426 422 409 366 348 348 331 323 332 278 281 284 291 235 251 230 204 188 201 216 183 162 193 156 159 156 130 142 145 140 107 110 103 113 85 81 75 79 65
172 192 175 207 248 261 372 400 443 481 541 614 769 811 813 842 847 818 836 834 829 836 857 833 826 890 891 829 874 829 732 794 792 819 765 756 747 745 799 748 788 797 812 831 813 839 846 781 798 804 1001 849 817 822 806 843 783 727 715 685 629 533 496 501 464 439 393 346 297 319 291 328 294 277 243 227 224 213 201 195 179 172 164 151 146 160 130 123 132 134 132 102 94 92 110 93 83 63 60 60 58 78
112 147 177 205 180 263 372 416 518 498 600 641 834 955 1017 1073 1066 1136 1085 1027 1108 1098 1083 1126 1094 1038 1052 1093 1091 1037 1057 992 1001 994 1018 993 1004 978 942 979 998 959 994 1019 1065 973 996 970 916 958 941 955 936 958 893 925 886 767 759 731 635 596 644 551 515 499 463 475 407 443 369 355 378 351 377 369 339 305 299 291 300 270 272 260 246 231 210 195 224 187 150 132 159 139 140 126 103 93 84 83 68 58
144 169 193 206 202 268 336 387 486 493 563 622 800 818 925 922 957 980 925 904 935 982 894 918 980 919 987 937 929 897 923 898 863 882 858 827 849 804 871 832 849 842 838 831 864 830 822 811 785 797 774 812 739 761 784 678 651 602 619 554 521 506 466 441 391 399 392 360 351 324 356 310 291 294 289 251 277 246 247 256 217 238 222 226 206 174 207 156 160 174 118 140 139 119 106 89 97 77 76 75 72 41
153 180 177 190 200 242 331 345 435 490 521 557 744 786 853 876 899 933 912 880 897 893 898 879 938 872 845 863 873 827 846 827 823 779 807 821 801 797 824 858 871 883 825 835 830 783 805 801 761 761 778 742 747 762 704 714 666 634 600 609 503 479 452 422 447 428 348 355 366 309 333 303 333 273 279 302 256 254 286 231 210 227 200 211 168 169 172 155 164 143 132 151 163 132 127 110 115 95 92 88 63 56
177 208 217 251 267 271 374 423 508 537 581 617 702 888 923 907 901 898 887 873 933 880 923 832 908 866 885 860 895 837 756 796 770 775 730 766 766 765 792 792 776 812 772 777 745 758 775 743 784 747 753 773 778 733 743 687 701 641 597 576 524 502 519 485 449 429 380 419 396 366 395 330 321 368 337 338 323 298 252 242 253 234 230 216 198 196 192 172 210 171 171 165 165 154 132 113 105 102 112 91 92 85
160 203 200 242 256 312 414 507 542 544 601 662 838 869 888 979 1010 959 995 974 1010 961 991 954 968 969 945 938 869 868 875 895 863 864 828 839 823 838 894 840 830 811 872 861 820 849 847 748 813 814 834 758 756 755 732 754 703 639 612 581 509 478 518 476 461 405 417 369 315 332 294 276 278 287 249 260 228 247 200 194 214 203 174 167 156 156 149 132 122 120 129 110 110 95 112 94 89 75 87 80 66 58
108 133 139 131 158 213 329 378 397 463 558 580 805 847 899 965 996 1018 998 1014 1052 985 1126 1071 1048 1069 1026 1006 1020 1003 986 929 983 943 952 961 932 927 935 936 911 939 948 935 936 941 916 864 920 883 876 887 884 876 864 748 820 726 721 653 632 564 528 461 460 442 427 406 387 385 377 372 326 344 335 322 336 286 269 294 256 244 251 227 234 228 207 183 217 187 171 154 135 128 130 119 94 106 110 76 82 85
155 158 196 228 242 261 368 402 489 540 587 626 800 900 906 960 947 943 935 915 1011 1040 953 996 962 923 934 859 900 877 834 864 812 885 913 813 827 845 821 804 816 758 843 807 755 798 775 796 801 748 708 742 763 711 697 691 636 624 641 581 505 450 447 454 408 360 359 319 367 300 289 338 287 291 282 295 261 247 251 253 242 234 268 210 199 183 177 161 183 142 141 131 129 116 90 108 96 94 89 102 68 58
140 154 178 186 214 210 317 386 417 408 478 565 719 799 779 828 824 835 817 831 881 885 884 874 910 849 822 858 824 855 781 794 831 863 777 761 786 868 787 804 800 764 828 822 811 751 773 783 777 772 715 741 700 698 676 632 649 608 554 549 479 463 451 416 408 396 371 355 344 295 311 330 289 271 277 266 245 207 228 229 206 211 238 217 195 146 173 146 158 151 149 128 120 126 115 91 99 82 83 51 65 65
142 179 184 198 242 234 333 386 398 449 528 554 719 762 801 812 857 825 891 833 816 849 852 829 828 746 830 867 790 835 775 785 763 789 740 779 767 777 763 778 762 743 778 836 842 819 807 828 715 765 720 745 768 771 703 692 731 612 559 588 491 489 470 429 374 406 375 359 363 317 327 320 297 319 260 284 285 232 228 227 233 209 216 204 155 174 167 163 164 164 132 139 131 130 133 97 81 87 70 79 89 77
157 151 196 207 235 249 395 407 456 474 536 575 791 808 833 870 860 870 874 860 880 821 899 894 853 848 883 853 821 879 830 821 734 816 840 822 803 779 846 836 793 862 807 800 853 849 818 785 786 820 760 741 800 770 710 722 688 671 609 625 515 511 490 466 460 399 400 336 327 286 294 270 261 251 252 249 210 210 170 182 164 151 171 125 152 129 132 124 125 116 101 91 92 90 81 69 76 68 57 55 61 58
109 139 159 169 179 202 303 360 384 472 508 629 816 864 914 929 980 984 961 1042 1050 1018 1022 975 969 914 985 1020 1038 962 940 938 930 974 922 830 908 901 926 917 882 837 914 936 921 892 896 972 898 835 886 869 885 848 804 749 709 739 695 654 506 518 528 467 482 461 408 364 369 335 352 349 364 322 318 303 286 305 275 284 278 251 236 220 234 222 185 187 165 174 153 147 146 171 119 119 103 102 77 64 59 59
149 187 159 201 204 248 329 349 435 513 519 603 725 799 819 953 876 892 896 922 905 896 908 905 863 876 877 882 861 860 843 809 783 784 784 781 798 789 762 831 818 769 774 835 808 835 772 780 751 736 752 742 709 667 647 639 641 633 563 527 447 437 422 400 411 353 354 330 317 324 291 284 293 298 249 261 255 243 244 222 233 196 215 171 193 164 161 197 148 135 144 118 128 108 99 91 83 88 91 80 69 56
148 172 212 199 190 270 338 406 443 482 497 569 731 775 829 821 874 881 883 907 847 864 810 858 890 863 826 865 810 888 788 768 791 822 798 790 860 755 790 805 799 783 770 777 810 789 800 758 800 761 734 737 760 696 715 697 694 607 618 616 558 473 473 408 398 391 399 362 369 319 302 307 281 275 267 280 249 232 246 226 223 191 229 204 177 199 157 165 147 156 138 126 114 123 106 117 81 85 77 73 61 64
169 161 181 198 205 211 297 398 397 398 479 501 645 593 656 596 780 770 711 650 723 721 729 766 720 665 813 918 935 891 846 837 808 885 796 925 847 841 827 839 800 779 855 819 804 785 833 784 757 869 787 778 759 734 745 706 664 672 640 656 600 534 515 465 450 407 404 397 346 354 324 306 296 293 235 262 233 239 208 230 194 196 189 173 209 172 199 181 176 157 142 145 121 120 128 125 100 101 90 95 97 77
204 223 270 272 287 345 466 473 556 621 716 660 788 802 832 819 854 825 816 858 855 889 854 883 781 851 822 788 792 783 773 721 723 711 681 729 739 689 713 690 644 617 708 728 654 682 618 628 579 617 611 595 564 538 538 501 519 509 476 422 389 360 345 319 353 289 314 293 278 254 237 216 217 216 206 193 203 182 163 139 146 132 117 149 145 128 127 127 101 121 106 100 103 87 83 78 87 78 70 57 51 50
266 216 230 233 238 296 399 469 529 587 603 630 856 883 978 934 1063 948 980 987 993 1001 978 1026 948 879 963 932 850 846 837 874 872 822 767 778 809 858 806 834 784 860 798 842 808 823 768 799 802 782 806 760 769 744 647 650 661 597 608 552 494 477 434 471 397 408 379 344 338 343 330 293 303 292 267 262 260 234 261 240 260 227 229 215 203 193 171 184 135 147 141 151 120 121 116 102 98 81 87 79 68 61
339 254 252 290 260 295 418 413 498 540 550 604 783 920 850 875 885 902 986 879 904 869 912 914 833 865 852 871 880 836 818 750 766 785 790 743 738 778 774 764 707 742 775 802 710 749 730 779 708 685 726 713 701 713 703 617 612 604 590 497 427 473 412 406 393 341 348 295 325 318 302 277 306 271 275 236 254 257 205 193 208 223 190 181 186 143 158 164 130 141 116 131 105 101 126 92 100 66 72 55 50 55
278 199 210 230 284 315 408 460 487 511 528 686 757 774 874 905 880 893 874 934 848 898 908 870 859 901 913 849 888 862 828 820 829 784 812 809 801 804 765 819 790 783 806 813 821 857 750 775 746 775 740 748 750 746 659 669 709 658 637 588 524 508 446 458 418 399 406 339 366 335 320 307 289 268 273 274 298 261 217 234 205 197 213 199 197 183 173 181 158 132 140 127 123 125 78 99 84 81 74 70 67 44
280 247 215 282 275 264 408 443 497 589 587 641 806 921 845 877 813 911 890 902 881 900 953 907 877 828 903 842 860 866 815 818 696 754 762 782 716 768 771 777 804 769 827 747 765 840 752 768 757 778 742 748 768 728 713 721 685 614 607 559 502 494 427 430 385 399 341 321 329 305 276 252 236 217 243 223 211 180 174 178 141 133 148 158 128 130 106 111 106 96 115 99 73 90 81 90 67 66 51 64 56 44
151 149 157 169 174 227 271 358 385 445 493 574 697 876 958 961 948 947 1004 960 961 988 991 972 989 982 996 1038 944 1031 976 938 977 985 931 913 854 885 907 929 890 884 904 959 936 847 929 928 869 817 903 939 902 830 808 864 836 753 697 665 613 556 541 518 483 454 447 427 420 406 407 395 372 346 308 348 326 339 280 301 282 256 267 244 221 248 217 176 181 180 190 170 166 152 137 122 125 114 96 79 91 60
190 169 156 156 207 203 293 332 375 464 525 577 693 773 859 887 936 920 877 905 890 896 912 914 883 904 891 875 846 843 833 878 807 819 819 814 796 768 832 866 786 841 789 727 798 776 805 789 785 753 666 748 753 689 680 667 611 619 602 560 497 458 426 390 407 402 396 369 357 348 335 294 310 286 257 295 279 287 272 269 267 269 263 245 221 194 200 186 173 186 178 159 165 173 152 135 121 120 100 92 102 89
202 200 165 201 213 235 329 361 396 430 500 553 698 737 773 832 824 841 841 840 875 889 859 872 831 807 837 892 816 853 865 802 787 758 831 771 781 825 771 782 765 740 740 760 773 725 777 751 752 718 790 725 707 682 686 662 679 630 621 588 472 446 451 452 435 382 396 340 352 343 320 309 327 304 304 310 294 284 279 243 240 224 212 229 202 187 193 190 174 141 162 162 153 151 129 108 117 102 68 76 79 65
227 220 204 225 233 262 378 381 420 479 530 589 748 792 778 821 860 829 815 831 850 854 865 883 880 899 874 874 842 902 807 856 844 791 865 780 807 854 795 829 782 820 808 811 816 753 850 793 725 778 755 746 706 749 680 682 646 658 609 595 548 489 473 441 460 411 401 407 386 368 368 353 317 297 301 311 284 293 286 268 237 251 246 210 210 169 218 197 187 151 166 140 143 151 146 123 120 114 95 78 73 95
248 229 221 261 292 293 383 444 479 576 574 652 770 852 837 894 885 912 899 960 935 953 875 918 892 906 906 855 931 918 845 805 857 873 822 826 819 743 855 852 842 795 815 834 845 826 833 805 849 791 795 793 753 762 687 743 713 640 595 621 604 559 538 503 489 446 428 361 398 337 327 355 301 282 330 280 253 260 248 211 194 190 204 194 191 168 137 138 133 126 122 100 122 104 87 89 83 84 81 80 62 56
199 185 187 203 229 269 373 477 495 566 582 695 872 941 1046 1103 1099 1100 1062 1132 1103 1162 1133 1132 1088 1154 1147 1128 1087 1046 1035 979 1051 1029 953 919 978 978 936 912 925 887 900 890 905 891 923 859 874 870 977 905 812 889 783 791 744 811 684 675 586 558 557 536 514 487 489 456 419 400 398 404 373 370 359 326 360 302 320 286 255 292 268 258 251 220 210 214 199 208 183 171 154 207 157 115 129 131 96 103 85 88
310 316 296 262 217 275 339 415 468 519 589 646 767 831 888 917 931 926 969 920 940 903 990 947 907 923 905 861 891 861 803 804 744 306 806 816 791 785 748 774 788 777 764 758 802 759 737 768 745 753 698 740 735 747 686 619 639 579 572 509 459 461 470 426 419 420 349 383 338 332 345 311 305 259 280 270 218 276 256 249 211 221 239 236 193 211 167 182 177 168 162 135 137 141 135 122 114 104 91 88 94 77
208 183 166 212 237 232 336 336 403 455 528 557 706 810 844 826 836 833 888 855 839 827 796 787 844 772 855 755 771 739 725 737 743 749 730 658 748 707 750 701 781 760 726 701 759 715 777 737 728 697 669 701 650 691 635 647 648 614 563 525 431 444 455 430 405 389 359 364 308 307 296 320 297 271 265 267 274 237 234 231 194 227 198 219 213 183 181 162 152 161 175 146 144 133 124 124 108 96 72 68 73 58
221 172 210 203 231 274 364 399 431 480 519 618 753 762 817 786 810 861 793 870 819 869 812 861 825 836 868 830 849 790 786 851 766 794 779 774 807 697 705 810 724 705 794 751 808 757 769 764 757 736 680 776 703 687 704 662 704 687 641 591 544 496 480 444 446 409 405 376 372 378 319 328 304 278 289 268 247 243 251 207 214 218 197 197 193 174 164 187 183 153 170 160 141 137 122 121 118 86 114 83 83 75
257 208 240 208 284 274 342 407 432 459 515 579 808 827 820 878 882 843 873 896 876 939 915 881 835 879 858 849 835 841 773 775 776 774 800 724 804 767 758 732 792 682 798 789 790 856 699 732 742 722 728 738 701 672 652 654 709 581 604 571 501 419 405 414 359 353 350 288 319 348 276 275 272 269 251 215 218 216 221 184 193 175 170 133 131 144 133 139 108 130 110 105 119 114 88 81 88 82 77 50 61 53
173 154 151 170 204 215 293 344 406 523 506 560 734 875 846 988 945 996 997 969 952 970 996 1060 990 1016 1026 982 995 931 883 906 906 910 912 941 895 892 891 919 897 918 884 868 912 903 906 972 859 908 830 890 887 861 851 808 757 719 719 689 569 607 503 502 510 505 443 442 395 429 408 397 403 381 368 338 313 307 290 298 261 241 249 233 220 191 175 199 157 170 156 161 155 141 125 109 103 85 86 91 62 53
193 188 175 206 233 237 325 390 397 488 492 531 741 812 850 879 910 885 917 906 828 916 840 890 886 920 859 890 840 836 823 851 799 794 765 743 708 755 745 725 725 783 776 708 819 773 781 722 689 715 693 695 751 726 678 663 661 630 566 530 458 435 451 403 426 371 374 385 361 388 327 327 296 303 300 294 283 308 232 243 244 219 194 206 204 180 180 199 159 143 147 153 129 117 136 98 85 77 84 66 61 65
221 193 182 210 228 227 314 382 419 424 492 582 688 735 743 765 791 786 819 770 833 804 800 822 764 742 847 765 758 737 727 740 730 715 744 741 732 764 692 776 758 756 701 784 682 747 706 707 690 706 706 658 678 631 699 647 621 615 558 536 470 427 473 402 400 341 343 336 341 336 319 316 279 292 320 287 281 274 240 218 249 210 246 216 200 191 161 173 159 136 152 139 147 114 128 99 95 92 74 64 52 65
255 220 209 223 238 242 334 401 400 432 492 561 715 749 764 783 821 773 772 781 799 778 820 779 801 765 775 760 770 755 680 654 669 726 719 717 753 708 753 734 741 746 725 755 739 725 750 721 721 730 737 733 728 729 664 635 600 589 566 539 482 471 431 444 410 403 353 365 377 348 327 320 299 310 265 293 284 261 223 205 194 206 214 179 158 170 156 182 152 134 137 119 134 118 82 90 89 92 93 89 74 53
225 198 236 204 257 274 404 375 492 504 583 620 744 772 834 882 824 863 828 901 873 857 821 872 879 844 786 856 781 754 727 757 768 735 733 747 737 727 720 747 715 719 749 749 742 788 811 709 727 705 686 698 717 695 649 644 614 577 558 525 533 474 433 451 385 352 344 338 338 294 289 258 283 245 205 222 197 205 229 172 173 163 179 154 148 129 139 136 147 108 98 83 104 102 86 95 65 63 62 49 63 65
171 167 162 182 194 250 354 380 428 510 531 618 813 879 927 951 1004 997 1008 984 967 967 1055 1034 1031 981 1024 991 955 998 968 922 962 882 890 913 891 908 918 928 865 903 870 881 844 852 858 930 869 832 842 830 875 839 842 811 727 735 733 631 586 529 523 529 509 483 443 431 416 376 395 367 370 348 351 332 348 267 290 291 258 247 228 193 206 221 199 190 172 147 159 139 126 157 145 101 110 103 96 87 55 70
254 230 226 236 255 277 385 444 482 529 657 649 824 872 919 893 938 936 1002 961 977 880 1038 934 922 921 879 909 970 930 837 808 847 843 793 778 815 832 812 789 796 789 837 819 739 753 762 756 784 782 738 706 735 682 685 695 662 629 596 548 521 467 453 411 432 394 390 386 388 354 368 350 330 351 306 306 276 276 249 236 246 196 229 227 208 184 200 169 186 166 162 147 144 144 124 102 107 95 105 75 86 60
370 259 233 263 300 299 398 415 486 518 591 648 803 864 884 921 856 899 905 949 815 895 875 907 865 910 900 890 848 852 803 796 781 752 786 784 797 766 817 740 718 721 828 828 741 792 729 776 782 743 768 706 694 672 684 672 584 662 585 570 543 513 441 459 418 378 386 358 377 301 321 340 320 323 322 267 266 285 252 245 207 244 191 208 179 205 198 185 195 186 136 166 139 131 113 125 104 103 95 70 75 56
223 224 188 196 209 239 327 350 360 477 484 578 615 712 806 801 845 793 792 829 812 831 848 851 810 808 875 838 815 831 796 716 749 784 765 748 797 767 793 751 757 748 791 752 792 734 754 758 742 791 753 733 690 693 650 691 673 628 612 586 487 502 499 408 390 426 407 414 358 354 334 329 315 294 277 242 279 256 240 216 219 199 227 179 178 200 179 193 134 144 137 124 127 112 104 110 107 88 86 70 68 55
376 269 258 237 282 302 428 436 500 552 578 632 810 833 827 868 895 848 932 877 865 870 853 889 859 850 882 852 854 800 785 761 744 762 743 765 775 755 756 773 748 751 765 784 740 777 766 797 773 729 699 704 737 758 650 696 638 592 570 492 498 423 429 423 380 389 320 345 341 315 302 259 263 270 231 229 221 189 165 156 171 161 139 139 147 125 118 114 102 117 98 84 96 80 75 72 60 65 57 73 39 46
190 161 160 180 189 225 336 403 450 533 555 644 758 908 933 919 949 977 921 954 994 942 951 955 958 944 933 961 926 911 876 914 851 895 834 855 824 858 795 814 816 860 843 840 816 833 793 826 812 799 774 770 762 764 735 660 716 669 678 631 516 480 522 463 398 388 372 381 360 368 329 328 304 296 317 263 269 247 264 218 263 244 205 189 239 190 186 178 185 162 156 164 137 103 120 93 111 80 77 71 66 42
206 189 153 186 186 266 300 363 382 432 472 552 743 842 816 850 861 858 801 877 844 837 835 852 892 834 841 881 826 804 754 801 749 759 717 721 730 717 701 714 672 708 686 685 726 715 706 676 667 723 656 664 675 613 657 594 572 561 523 480 400 366 369 418 377 305 325 320 285 257 265 267 283 256 247 247 244 209 199 211 208 198 209 186 173 147 157 151 142 149 122 142 140 113 102 97 77 91 81 62 62 56
265 185 185 242 226 251 288 332 380 428 542 590 628 691 726 770 765 793 761 804 751 759 744 776 724 785 787 810 761 704 705 689 712 749 709 711 727 761 725 703 727 719 749 695 713 724 697 721 704 697 660 602 616 687 642 620 575 574 511 491 436 407 375 390 364 366 356 296 337 320 292 290 280 226 253 280 276 260 242 232 217 222 222 190 185 177 168 160 155 132 131 134 121 98 102 78 87 80 79 75 72 41
237 204 172 151 202 251 310 354 365 355 456 504 609 734 703 741 766 808 737 820 750 841 806 828 783 810 819 785 751 733 697 760 773 738 715 656 684 681 769 718 723 709 734 767 772 706 772 762 741 690 676 666 670 692 622 609 608 601 570 552 442 475 421 392 400 389 364 334 334 319 341 313 295 315 273 270 284 265 235 211 203 250 196 209 163 159 147 141 149 124 133 124 105 116 83 69 72 82 76 68 57 50
277 208 205 224 270 293 402 413 382 492 555 569 708 806 790 822 804 862 852 807 787 789 835 830 780 805 742 806 823 731 738 741 709 681 684 656 672 705 721 711 731 696 716 645 694 709 694 698 695 689 676 703 695 624 599 638 547 567 555 544 463 460 407 403 393 366 317 320 304 263 262 275 242 215 219 216 198 216 184 156 154 162 166 120 135 125 94 144 112 106 117 91 108 102 81 86 79 74 62 47 60 53
182 163 166 147 166 177 300 358 405 454 591 591 735 860 798 940 882 965 986 1038 991 1005 982 993 975 959 1026 1006 963 932 899 952 898 964 892 929 918 911 958 927 896 930 939 978 883 979 917 938 852 900 912 853 886 852 779 805 778 697 727 638 553 513 518 460 479 452 443 417 390 368 361 356 372 370 354 337 339 303 288 256 293 300 279 224 210 184 187 176 170 170 172 134 129 121 99 109 101 95 59 75 54 50
239 204 202 209 221 274 368 360 437 481 573 595 711 832 862 910 925 927 862 939 927 929 939 900 896 904 898 830 902 846 895 833 860 803 827 801 773 808 793 836 788 791 810 777 717 839 785 807 743 748 731 739 713 711 677 667 679 608 571 517 484 495 470 456 422 396 372 353 327 357 313 352 315 298 302 290 284 275 264 237 207 221 231 187 197 163 181 143 155 153 137 127 134 118 110 109 87 96 71 75 76 46
260 212 214 246 232 261 355 380 444 505 554 607 730 854 865 856 837 887 849 838 872 861 878 898 870 830 830 797 803 792 745 792 777 796 745 760 822 781 757 733 757 699 766 770 716 762 710 750 679 713 690 672 733 708 651 663 645 625 628 599 485 422 431 376 407 373 347 352 331 338 342 313 271 296 299 285 268 281 263 214 246 228 198 176 207 192 176 170 178 160 172 120 144 129 103 108 90 90 87 71 103 86
243 226 200 238 227 250 364 400 444 443 523 584 624 777 732 790 814 795 791 744 790 869 825 778 791 793 788 798 826 817 825 784 729 729 707 741 710 742 671 722 723 724 722 734 725 683 769 701 676 719 698 739 687 662 644 615 614 562 521 506 488 433 394 399 387 373 336 349 316 338 302 294 312 282 300 258 249 225 191 218 178 185 183 184 160 167 163 138 168 149 131 135 133 139 120 95 82 77 90 71 58 69
231 172 196 189 227 234 317 374 421 454 515 569 699 675 767 770 745 819 817 838 823 871 791 841 812 775 795 768 764 754 802 769 798 705 755 753 731 684 725 755 761 709 743 797 781 701 768 788 770 779 654 722 693 648 644 639 586 579 553 509 447 436 395 373 382 349 347 326 299 294 284 246 232 238 211 201 184 186 195 176 153 174 146 146 130 134 119 129 124 117 121 103 103 90 83 40 84 72 58 72 74 43
177 130 158 155 178 228 307 380 434 489 546 595 751 862 887 887 936 930 932 979 978 919 865 1002 966 921 971 990 920 883 929 915 899 827 811 853 837 867 896 836 833 913 876 898 940 847 890 814 818 824 825 829 814 799 758 753 729 709 627 620 540 559 510 461 460 451 413 414 399 371 373 331 377 345 349 322 317 284 278 259 241 238 223 230 232 220 180 179 174 173 152 141 128 140 110 102 105 92 66 67 63 66
234 179 191 216 234 249 328 380 415 421 506 560 720 778 810 868 845 844 805 872 881 913 865 830 887 809 874 854 793 824 806 795 809 769 776 707 742 747 755 758 785 685 727 764 719 746 710 705 681 691 695 718 682 649 631 579 620 562 528 513 467 408 394 368 401 330 310 323 327 339 309 301 313 270 262 252 265 239 232 225 212 201 241 210 174 198 166 145 151 137 137 121 113 108 117 97 94 77 84 77 56 57
212 203 184 157 211 234 323 342 379 411 468 540 659 717 804 809 763 782 799 787 755 755 789 764 757 765 803 827 767 789 727 748 710 746 715 749 722 743 732 684 715 646 684 735 740 677 742 678 710 687 668 689 653 617 638 636 567 602 544 540 418 439 437 404 356 347 345 328 336 300 303 314 289 256 271 239 285 264 195 228 219 198 224 183 180 197 159 147 140 153 140 115 124 118 111 81 88 90 84 70 60 58
220 183 168 186 189 243 339 373 398 489 483 544 637 701 721 733 777 763 787 751 757 774 822 803 792 723 778 786 721 799 782 698 703 658 689 764 672 658 678 708 676 742 673 660 666 671 666 660 664 681 737 671 623 598 602 620 527 600 543 539 441 437 417 369 405 357 308 332 318 314 327 281 288 266 269 262 240 246 234 215 231 194 226 200 199 191 167 158 140 150 137 147 115 119 115 103 88 80 80 90 80 56
265 216 213 210 228 233 314 378 418 476 547 558 649 707 801 800 816 728 782 818 794 766 779 734 752 752 729 740 782 740 692 667 691 646 724 735 706 643 630 727 635 658 664 664 685 681 643 611 615 629 631 617 583 555 611 547 520 477 463 445 386 380 388 354 358 271 258 276 255 295 256 232 246 197 192 190 173 151 167 161 154 151 143 137 113 109 105 101 106 120 77 72 89 87 81 74 46 70 64 44 44 59
215 200 190 193 256 286 354 407 484 543 600 710 852 939 995 1029 1051 1024 1055 1064 1053 1026 1040 1033 1002 976 1046 1009 969 990 976 986 917 944 957 979 950 883 923 924 906 939 892 885 895 956 862 905 869 863 854 778 828 829 804 768 706 709 719 656 583 510 535 527 474 462 411 398 403 383 379 365 359 370 354 342 343 307 268 265 275 285 264 252 235 228 209 220 214 183 177 164 137 133 134 104 116 106 98 76 81 63
248 204 202 232 225 277 377 411 463 503 558 634 787 849 881 948 947 926 952 879 898 926 904 924 886 924 957 889 922 879 831 828 825 822 790 790 826 841 846 812 739 709 782 748 802 752 757 823 745 754 744 752 680 660 694 668 616 604 600 560 497 451 437 388 391 357 351 371 319 325 345 312 332 288 292 315 294 285 289 260 242 232 229 215 217 181 169 171 167 175 163 137 139 151 129 116 77 96 74 76 68 62
269 229 208 257 242 264 386 423 473 487 587 614 711 752 847 836 897 815 867 865 802 840 809 871 843 789 853 924 848 833 805 830 785 849 818 823 775 747 709 774 814 739 802 812 834 778 717 798 697 718 705 757 742 730 685 660 642 618 562 544 484 498 443 450 387 405 394 342 380 344 322 309 304 314 332 306 294 287 273 255 243 246 229 230 202 184 208 204 214 185 158 177 161 163 147 115 109 103 95 104 81 55
410 329 322 339 346 357 458 512 556 635 667 716 836 870 941 999 989 993 952 967 955 927 942 896 856 894 886 838 849 841 825 851 831 801 837 799 761 809 800 767 821 817 821 833 763 843 827 819 795 775 760 719 711 734 669 675 631 623 582 522 496 460 436 384 360 380 308 343 331 312 294 259 244 243 228 206 194 175 194 182 165 165 149 141 142 117 127 124 116 139 104 111 107 99 96 76 77 70 79 66 57 46
284 223 230 234 220 272 463 471 500 592 633 698 901 942 970 1056 1063 1027 1068 1062 1058 1096 1080 1065 1076 999 1058 985 970 982 973 942 994 922 871 886 927 913 928 906 953 890 818 912 897 971 884 907 816 842 892 859 869 827 809 773 739 715 698 680 552 556 513 433 481 418 425 382 418 426 379 324 337 359 322 315 348 336 297 272 250 263 246 259 243 233 203 185 184 171 182 153 146 155 119 113 106 104 114 66 76 53
243 182 216 226 229 253 340 406 443 529 591 660 758 816 849 876 890 912 907 896 954 916 936 909 921 927 853 848 910 845 851 833 859 818 810 752 827 752 794 730 814 829 773 761 773 784 790 784 761 727 713 732 695 690 692 648 586 646 612 529 496 444 441 418 380 398 325 341 350 333 338 299 312 290 284 313 338 286 239 227 219 230 226 223 212 200 175 143 168 164 131 145 146 135 118 109 105 79 77 74 74 55
219 169 184 192 230 245 355 391 414 480 504 607 743 854 769 850 838 848 835 817 882 807 870 841 851 885 892 896 844 848 819 787 810 787 829 799 791 748 802 816 782 839 791 757 740 810 816 766 709 734 729 689 687 718 622 696 630 606 620 608 506 464 456 432 388 414 373 338 337 320 315 305 271 312 311 287 274 266 243 213 221 214 194 204 207 194 196 185 171 153 143 155 129 134 114 111 119 87 73 93 68 76
209 185 191 208 233 249 328 338 367 430 507 563 660 743 803 845 745 828 791 787 837 906 873 862 807 811 808 807 803 791 779 769 745 775 762 757 764 750 720 779 713 694 687 740 814 730 708 742 762 740 691 721 682 648 637 626 606 624 561 543 489 452 462 408 379 335 319 350 332 329 326 304 282 292 275 281 251 265 226 211 193 189 201 178 177 185 172 188 153 140 130 144 115 124 95 103 108 84 87 89 77 63
242 205 193 232 238 273 369 379 448 473 528 550 706 780 855 808 842 873 838 871 871 893 883 910 837 815 839 822 862 812 803 741 742 747 723 747 805 710 747 753 786 765 775 744 768 751 739 752 695 669 698 708 685 682 671 627 644 571 533 537 467 435 398 403 390 404 336 319 290 317 265 262 268 260 244 208 221 204 173 174 173 142 157 155 151 124 115 124 136 105 109 116 94 84 86 91 83 71 65 79 61 59
213 168 193 206 206 229 405 382 470 492 593 678 800 877 901 893 945 967 938 937 1015 954 969 898 976 900 914 915 947 938 935 927 825 893 893 840 823 873 866 889 831 876 828 831 863 827 876 837 813 830 810 862 823 831 784 761 710 687 666 608 501 529 484 454 455 433 389 411 343 358 380 339 327 312 285 277 292 290 281 260 248 261 241 231 212 202 227 188 184 184 163 140 146 121 115 97 105 104 77 81 80 40
197 156 179 199 232 270 322 361 437 474 517 619 741 789 872 858 847 846 884 862 865 938 843 904 823 825 867 862 795 842 804 790 815 773 796 797 737 767 753 780 737 754 826 788 786 762 723 766 716 748 727 718 714 716 666 633 632 632 533 539 521 468 485 423 379 368 383 351 343 322 347 315 266 284 257 291 270 262 217 197 215 198 237 190 191 170 161 172 142 159 164 154 146 118 108 114 107 75 94 58 56 57
226 208 170 183 206 234 363 346 450 460 460 582 677 766 779 767 817 797 816 829 822 820 820 831 910 852 857 818 867 760 806 810 860 763 764 814 788 796 783 759 777 773 760 810 800 753 758 809 792 692 726 731 728 725 744 641 596 624 587 597 537 525 476 406 397 389 331 353 375 338 329 320 280 275 287 280 254 271 271 237 216 248 235 195 189 192 178 160 166 153 131 124 120 128 97 97 93 121 67 66 60 57
184 158 166 172 184 209 351 346 415 471 483 537 675 764 800 777 827 769 849 797 809 814 823 810 878 933 927 914 803 830 819 825 822 770 777 752 775 754 754 766 808 789 807 779 764 787 813 731 820 810 805 754 777 749 727 693 662 646 617 574 526 469 450 390 408 381 363 354 309 335 339 292 279 326 279 250 277 269 248 220 224 195 231 209 205 180 195 201 203 176 148 135 134 135 121 101 102 83 89 94 57 73
251 189 203 212 230 244 393 376 440 509 514 591 685 835 833 842 858 935 877 893 899 829 925 849 846 902 883 900 853 863 840 837 793 816 816 805 797 812 786 802 790 753 806 824 838 842 829 774 806 773 816 760 746 718 674 694 665 631 601 544 483 490 424 400 394 391 353 349 330 347 267 313 240 224 235 221 234 232 201 206 179 152 157 171 159 142 129 115 133 120 103 101 110 96 89 67 71 81 78 84 53 75
183 162 174 174 232 258 361 412 459 527 576 633 825 872 951 1001 990 1004 991 1035 1072 1056 999 1022 1045 940 1016 951 973 958 923 955 937 920 909 907 874 920 873 873 887 936 850 900 938 873 897 861 882 876 868 846 835 828 810 736 752 743 659 640 536 570 492 483 416 407 380 374 344 356 381 370 335 319 317 303 290 295 285 268 294 264 268 238 249 228 217 202 174 206 173 151 151 129 156 134 114 100 75 72 74 53
228 187 219 216 234 284 346 398 412 475 505 626 713 832 895 900 895 906 868 943 969 909 890 961 861 858 893 893 841 811 812 809 810 850 780 759 802 799 764 803 781 781 748 780 742 771 767 797 768 721 729 686 728 704 631 624 600 589 535 515 449 468 431 386 355 341 360 327 322 297 308 266 278 267 267 249 282 253 230 197 242 226 211 192 203 185 174 168 168 161 157 149 148 116 140 113 106 125 91 84 55 55
226 172 190 191 221 229 329 385 423 494 493 557 689 804 815 811 822 799 852 780 861 771 806 845 802 870 808 833 760 790 801 769 706 798 748 768 728 729 747 731 732 725 741 815 814 756 735 785 733 724 746 722 730 637 578 583 565 567 511 559 409 437 427 357 355 373 294 331 303 304 278 289 240 241 246 263 229 253 287 229 248 236 209 218 177 188 203 169 166 170 146 153 121 144 119 102 108 94 91 79 63 54
252 197 205 224 239 259 350 414 441 467 524 557 740 755 823 820 829 868 783 819 819 868 821 821 777 831 863 787 805 758 745 755 728 745 724 713 748 685 682 726 704 693 707 724 673 764 767 779 766 704 735 696 672 686 686 696 587 611 604 560 479 458 421 380 389 382 351 352 325 316 363 304 282 260 275 275 255 251 242 212 184 197 214 199 173 189 196 157 166 170 170 123 136 124 127 138 116 113 93 104 85 55
277 190 234 245 253 270 413 419 467 535 553 579 692 736 790 853 921 834 821 876 891 841 860 887 780 845 824 802 728 778 741 750 745 777 749 728 708 754 722 750 783 682 713 698 727 727 752 684 701 679 692 681 662 658 600 615 550 573 525 530 444 431 432 390 379 350 292 304 297 301 244 246 213 240 221 201 195 197 184 163 145 153 167 125 154 153 142 124 112 140 122 102 93 118 94 134 101 67 99 84 67 71
199 179 183 190 220 244 338 440 445 472 588 620 799 847 970 1011 986 965 1054 957 993 973 981 986 950 995 961 943 959 981 872 884 886 893 904 912 858 822 884 884 903 872 887 872 911 885 864 865 820 876 857 852 833 834 750 748 753 673 670 619 547 522 470 444 430 411 405 372 401 379 363 323 329 327 309 298 303 260 275 267 262 258 221 226 240 200 203 214 187 178 194 168 138 152 131 119 116 100 100 63 76 71
218 207 196 214 244 266 351 414 449 511 536 603 690 811 834 959 901 919 936 963 948 945 905 907 933 920 844 879 857 872 849 805 830 780 803 811 743 764 747 810 753 791 769 779 721 724 741 683 736 692 714 668 712 675 659 623 596 584 584 565 473 474 401 382 367 361 343 348 312 290 315 312 296 289 287 256 258 255 201 196 217 231 223 190 188 195 178 171 163 156 139 157 134 125 125 106 110 109 91 72 59 67
212 159 198 217 226 250 332 380 393 431 512 601 696 714 807 859 829 853 858 822 808 782 845 858 872 862 858 885 828 869 782 788 769 809 746 755 742 740 713 770 735 726 723 727 690 757 714 744 689 726 738 770 690 727 638 646 646 562 555 533 412 433 423 352 346 358 329 346 322 314 293 294 308 303 257 258 246 221 257 228 226 204 212 183 209 167 172 149 160 139 149 161 113 114 115 102 100 96 91 74 91 83
229 174 179 210 237 262 319 406 447 459 540 572 755 808 797 825 874 875 795 820 833 885 822 859 793 851 846 823 847 807 772 764 726 785 784 745 754 725 744 751 750 735 737 717 803 757 730 714 799 775 708 718 646 644 664 634 699 747 644 819 685 594 391 363 393 347 343 320 290 299 297 254 281 278 276 260 270 231 229 237 238 246 219 204 204 187 174 165 167 127 129 138 142 131 107 111 91 93 74 74 76 62
263 244 209 232 264 318 412 440 492 559 555 635 810 832 872 945 928 908 907 973 962 880 899 942 904 911 935 891 874 843 802 740 808 837 828 793 780 797 773 779 768 805 798 758 788 797 806 835 684 760 762 754 745 745 696 687 700 618 604 552 514 479 470 393 395 390 353 378 349 330 353 281 275 244 242 228 219 198 203 182 181 147 159 158 156 186 142 123 141 129 117 110 88 98 112 94 96 91 80 74 56 72
258 196 227 220 286 306 459 492 537 607 682 723 962 1039 1035 1046 1074 1108 1071 1075 1173 1087 1078 1108 1029 1171 1105 1079 1118 1161 1104 1033 993 1041 993 935 1026 982 901 941 961 974 995 906 962 948 937 941 917 853 881 845 779 830 841 835 810 755 698 687 587 551 563 477 463 456 423 396 427 373 397 398 375 351 352 308 295 282 316 277 261 269 261 231 250 230 220 227 203 183 180 200 154 151 132 136 121 111 120 101 90 69
242 197 198 219 216 267 409 434 496 547 580 687 838 977 917 945 950 1030 951 969 975 1005 1016 1003 961 905 966 959 925 899 883 897 926 844 860 860 804 818 884 847 860 809 857 910 806 859 817 839 850 756 778 720 734 782 682 687 664 657 630 593 524 490 488 444 379 415 381 385 389 364 348 354 329 300 311 280 280 268 235 242 215 217 220 223 189 192 208 172 180 174 171 148 152 149 135 109 120 105 76 87 74 60
334 286 271 314 292 293 395 415 492 588 620 685 886 886 984 974 1010 935 981 957 970 1004 890 961 906 885 994 943 930 907 899 829 844 870 820 873 808 845 851 783 847 848 836 804 841 833 844 826 778 779 768 761 695 734 771 664 601 610 560 538 526 449 422 406 370 333 323 336 288 321 281 242 263 254 205 213 210 213 162 162 147 168 159 135 135 132 98 112 124 110 121 90 103 97 93 80 81 56 60 66 75 48
236 230 242 251 274 292 396 439 457 508 556 596 754 806 904 894 883 929 926 898 927 945 909 917 937 874 836 839 823 810 802 739 814 754 752 694 785 735 740 739 792 722 756 747 758 759 747 766 695 692 659 571 380 681 625 617 614 556 538 500 422 412 424 373 383 315 283 291 276 274 273 232 199 198 241 218 216 226 196 158 139 149 148 163 114 123 117 133 126 111 115 114 86 99 100 68 92 83 74 89 43 46
216 199 219 221 210 256 413 446 526 589 593 759 954 961 977 1073 1208 1473 1278 1098 1187 1210 1165 1186 1123 1140 1155 1102 1120 1138 1019 1058 1001 999 1002 1037 996 1041 1037 982 1005 1048 973 1015 1005 1040 995 944 921 975 964 919 933 891 841 803 789 781 747 691 640 633 514 472 446 478 450 378 399 360 369 356 374 304 330 329 323 337 304 263 243 269 253 204 222 229 213 202 190 218 170 161 171 168 153 142 122 98 93 93 88 82
198 172 170 204 228 250 351 400 422 534 558 608 786 812 886 918 898 983 973 900 979 948 947 923 951 968 991 942 906 941 954 858 848 919 876 853 872 872 877 857 851 852 880 870 841 904 813 827 831 777 735 765 780 730 716 695 650 631 647 545 497 424 474 398 423 393 344 329 350 317 340 302 309 302 279 282 295 299 241 224 214 247 233 213 219 182 194 156 173 55 154 150 128 124 128 106 94 98 81 79 81 66
234 202 231 224 246 287 353 380 436 499 580 617 756 856 853 958 901 909 929 895 920 876 973 909 926 924 943 931 940 863 832 826 776 834 887 812 860 894 845 859 861 740 899 900 840 821 791 797 758 725 764 744 740 809 712 672 611 702 642 586 520 470 445 403 422 408 380 390 344 332 310 304 301 271 332 264 258 254 238 229 251 203 218 206 207 192 203 199 185 165 139 129 154 139 126 123 106 99 108 90 83 77
248 194 219 239 269 271 356 468 473 492 600 581 731 893 856 860 824 918 876 855 850 902 857 862 910 858 889 872 816 896 823 844 845 860 770 808 784 772 797 748 852 814 811 792 819 821 776 836 798 707 799 719 756 711 724 699 653 671 584 591 560 511 495 439 390 407 393 374 344 334 311 330 324 291 282 313 252 271 241 234 239 250 198 239 203 236 198 189 199 162 170 165 169 149 128 117 139 107 101 91 82 79
278 218 202 211 248 259 376 386 448 507 542 626 747 807 923 887 910 945 1008 971 966 974 931 1005 927 974 881 944 890 847 895 877 855 822 840 827 824 795 853 776 779 758 787 808 800 872 846 837 793 787 766 733 775 696 690 641 695 632 588 557 511 426 422 381 410 389 400 325 361 330 306 263 284 266 255 234 191 195 222 184 168 187 183 172 163 155 178 136 117 137 121 93 113 113 101 94 79 69 83 60 56 56
196 172 177 211 231 275 377 459 474 566 587 702 857 983 1041 1005 1065 1080 1029 1033 1068 1035 1078 1114 1159 1129 1143 1118 1023 1021 1008 950 965 969 992 943 952 943 956 952 960 985 935 945 962 951 1003 977 938 944 929 887 904 838 802 805 771 739 715 699 594 571 578 488 504 457 403 393 429 390 367 366 328 330 358 318 329 324 301 285 262 255 264 240 248 216 239 227 191 181 185 188 169 165 143 122 109 119 110 90 80 71
233 185 179 222 230 286 351 424 429 517 591 632 785 881 903 1001 940 758 1003 985 1021 956 1020 970 1026 996 964 996 1032 958 929 896 901 956 900 910 890 896 884 893 879 872 902 893 884 844 843 833 783 784 784 763 785 747 692 659 652 650 659 643 496 502 502 441 434 442 371 354 388 374 343 305 312 294 309 328 293 288 256 246 265 220 216 208 206 216 180 171 203 174 165 151 164 150 131 95 93 89 82 72 73 57
214 207 199 230 257 222 376 393 394 451 528 609 743 800 792 847 872 900 903 839 854 901 882 863 910 894 869 925 868 807 844 843 814 795 820 786 784 776 811 800 751 797 817 803 807 780 751 816 800 756 748 725 741 717 658 718 660 610 581 553 485 454 431 416 395 395 388 359 345 316 339 329 305 302 259 297 244 237 213 235 188 206 184 218 206 197 214 166 148 171 157 108 149 142 117 117 104 86 95 84 65 53
233 186 202 225 219 226 350 420 419 472 539 557 687 756 800 875 842 866 911 943 962 982 937 990 1041 1032 1055 969 937 966 994 949 886 842 842 842 860 842 899 825 905 880 872 843 842 819 836 806 793 812 748 754 787 696 712 712 701 616 572 585 501 447 478 431 408 407 352 339 317 294 313 313 289 307 316 293 298 262 232 251 218 228 202 223 238 167 195 173 156 176 145 155 116 146 124 109 133 94 93 69 95 72
267 223 228 240 259 283 389 446 477 515 578 611 801 820 868 862 927 912 923 913 979 888 923 869 901 843 870 850 827 837 822 838 807 772 725 819 765 774 777 800 823 834 755 815 828 825 806 769 758 781 710 697 745 648 739 646 690 627 601 579 447 452 413 411 373 351 329 293 288 309 272 264 247 260 246 222 186 244 190 182 154 162 154 144 139 150 117 123 120 115 98 116 100 89 87 80 83 69 72 49 57 51
179 151 157 172 208 231 379 409 428 507 574 655 806 943 953 999 1029 1024 984 972 1015 1028 1086 1027 1023 1030 1010 986 974 979 948 952 943 913 1019 934 934 923 881 882 932 910 958 913 1001 927 896 977 920 875 915 876 846 835 787 780 816 740 726 651 530 549 524 499 484 437 490 422 407 410 375 353 370 302 339 328 298 297 268 254 263 256 236 237 247 196 196 176 166 177 155 134 128 142 123 118 110 112 95 63 66 64
198 151 194 213 225 229 334 401 391 466 536 620 733 868 818 939 946 939 922 914 898 938 874 945 895 929 888 923 905 930 859 846 850 848 860 805 824 846 761 771 822 772 765 800 820 758 768 807 751 726 764 705 707 687 628 601 639 599 548 513 463 426 398 416 356 386 359 371 351 340 311 331 338 281 294 272 284 276 255 256 265 226 213 204 184 210 168 174 163 122 150 122 134 121 118 111 93 78 76 73 66 55
221 194 193 230 226 265 375 409 394 523 590 581 757 814 834 888 854 864 871 893 843 916 905 856 917 871 851 911 851 840 886 813 795 819 802 834 809 798 752 805 818 807 767 769 773 778 822 872 815 740 769 800 715 714 743 694 703 663 607 534 499 506 444 486 414 422 408 385 371 333 317 312 286 288 292 262 270 219 243 207 236 217 205 192 199 193 189 164 165 166 140 122 123 137 112 103 100 77 99 91 71 67
204 234 205 232 238 260 341 435 427 481 538 614 751 761 801 811 864 907 886 887 899 900 880 890 862 866 863 876 817 806 849 831 851 850 801 828 856 795 776 797 782 913 941 924 995 1045 888 904 867 913 788 839 817 804 815 742 755 667 644 631 528 528 485 437 445 442 400 352 327 338 322 314 250 256 237 227 186 207 215 174 117 60 76 52 62 49 48 67 63 44 42 34 38 30 34 33 28 21 15 26 16 26
156 124 151 161 182 241 357 373 449 509 589 702 860 975 986 1027 1029 1098 1082 1063 1054 1091 1125 1125 1110 1029 1051 1042 1035 1008 997 1009 1025 960 1062 962 978 949 989 1013 945 993 959 985 995 988 1021 1011 990 975 983 978 967 919 878 849 856 782 789 695 638 609 583 512 469 511 496 460 469 408 399 390 353 359 366 365 336 307 308 268 253 241 233 276 243 226 224 206 185 167 162 170 150 149 135 113 112 124 95 94 73 57
223 175 172 215 238 261 351 383 458 491 573 669 764 880 921 929 1009 995 1037 996 1017 996 1018 1026 941 919 915 941 956 882 881 953 841 855 890 838 881 827 840 832 874 887 864 809 816 839 876 887 815 809 783 863 912 771 744 764 737 673 676 639 570 476 482 439 460 452 414 421 364 367 353 307 305 295 309 297 325 264 246 258 224 236 205 197 180 189 171 154 167 168 151 134 144 139 143 117 101 89 70 63 91 65
243 194 210 220 268 267 395 406 474 558 585 646 781 879 932 956 971 1019 991 1013 983 1007 963 955 979 949 960 958 937 874 845 883 855 866 852 837 838 820 783 834 795 826 840 822 906 797 892 820 816 832 808 823 824 797 704 682 720 666 618 607 525 487 475 429 440 419 379 411 370 313 339 330 281 319 256 298 284 284 243 239 212 230 217 209 198 203 214 195 172 169 172 175 161 128 109 147 129 92 101 90 87 79
330 269 277 302 346 355 477 503 511 597 669 754 855 1014 952 923 1018 1050 1023 1007 1024 966 1000 961 957 968 1006 962 919 962 853 947 923 848 836 814 872 827 855 869 845 877 800 886 852 900 925 843 914 857 818 855 780 810 780 792 689 675 690 613 541 520 479 457 402 419 385 382 372 351 374 325 334 308 297 281 273 286 246 234 234 219 196 207 221 182 209 179 166 160 161 146 149 122 149 119 116 115 94 79 70 71
355 286 226 272 278 308 457 487 528 609 642 713 842 866 913 930 948 997 966 977 976 985 977 1031 982 973 924 913 917 947 886 849 849 854 855 825 859 843 821 820 878 850 869 865 886 822 838 829 864 856 844 816 759 808 736 759 702 701 663 571 515 514 468 500 463 444 391 373 358 366 317 318 292 272 248 239 249 202 164 150 152 165 154 133 126 132 128 116 119 115 100 107 108 114 95 93 68 78 74 76 75 59
161 164 162 182 212 239 366 404 486 594 605 758 856 918 1020 1018 1061 1064 1082 1104 1130 1081 1106 1121 1055 1074 1045 1098 1089 1057 994 1046 1011 1056 1002 995 964 973 1020 977 932 1019 1006 1001 953 968 938 985 852 925 955 905 909 884 828 838 754 795 768 706 575 602 540 465 487 460 450 415 432 411 418 369 341 326 330 303 303 300 290 280 245 244 264 249 234 212 211 180 175 162 148 150 144 125 110 109 96 96 84 68 78 89
217 192 137 198 230 246 339 370 460 521 633 630 765 862 900 939 971 970 939 982 952 920 966 946 939 902 924 902 904 879 889 830 910 857 851 836 836 836 807 863 813 807 764 786 759 796 778 814 784 782 813 747 722 734 724 696 664 626 596 591 492 490 516 435 407 409 366 337 335 318 318 318 307 307 265 268 242 286 249 238 238 233 227 196 174 171 195 166 152 142 140 160 136 124 126 104 93 91 82 76 91 65
172 167 188 187 194 260 303 382 390 459 547 543 738 754 786 821 922 894 935 925 883 935 873 856 907 898 892 916 891 851 815 869 846 782 786 779 795 819 765 710 766 724 808 770 815 762 748 800 747 800 746 709 750 706 741 682 636 637 594 523 473 470 434 430 412 366 324 329 338 322 291 299 267 240 276 274 244 286 250 220 241 227 213 199 186 181 168 157 168 146 140 152 144 121 118 122 99 95 94 70 58 68
204 189 196 171 218 231 280 377 437 423 458 592 693 773 837 847 828 853 844 897 898 861 851 919 839 890 896 921 844 852 808 849 797 781 849 793 792 760 766 789 743 758 780 783 823 766 725 780 780 766 745 715 762 700 665 649 634 625 589 563 492 435 445 428 409 423 385 356 330 319 349 326 304 287 267 264 274 248 222 225 203 226 200 186 190 194 154 174 160 120 144 151 121 133 105 106 109 96 80 72 68 73
249 213 179 219 229 284 363 382 441 462 587 645 862 803 835 989 871 957 851 912 942 920 892 924 836 924 858 883 859 879 840 862 874 764 786 807 781 794 765 809 786 788 756 783 792 785 779 775 722 709 766 753 713 702 733 615 644 632 641 562 504 445 468 408 431 382 349 346 340 321 309 316 242 238 251 232 219 206 182 161 156 182 144 149 163 134 132 123 125 107 113 91 97 94 104 78 79 67 72 64 57 50
143 157 159 173 171 228 339 421 485 535 584 684 929 965 994 1036 1099 1031 1058 1052 1074 1115 1072 1129 998 1018 1050 1030 992 1028 1021 1040 1021 989 895 906 993 912 953 940 952 883 893 911 910 999 877 852 873 902 870 902 864 884 878 752 772 736 678 640 557 543 536 493 459 467 426 419 401 348 342 360 307 352 329 296 294 303 270 277 242 227 226 243 212 196 197 166 181 171 162 143 154 104 116 108 123 95 96 89 70 65
176 170 149 197 192 220 353 408 422 538 554 587 781 813 845 906 949 970 1017 1026 1029 989 1001 959 1004 1021 1049 970 926 978 948 960 965 928 883 916 907 917 906 904 863 897 937 929 904 832 866 895 924 841 804 809 743 766 698 759 697 714 653 625 531 522 514 452 405 413 380 358 376 385 351 362 304 333 273 304 266 261 264 232 246 228 191 191 187 186 192 173 188 161 149 143 147 131 130 121 113 91 96 87 53 54
210 192 187 191 191 236 335 342 418 485 499 618 756 811 823 858 846 919 919 1001 953 935 954 976 951 1047 985 976 982 944 844 867 864 859 864 885 870 859 875 862 870 852 841 793 826 794 760 843 815 865 783 796 768 805 744 735 702 708 601 629 549 493 473 450 436 384 368 347 346 314 318 332 296 302 284 297 280 262 246 218 211 233 224 229 192 212 184 159 149 154 144 144 133 110 113 114 113 89 100 75 71 69
215 226 184 247 267 261 359 414 468 480 548 620 741 765 833 965 965 955 905 918 947 917 903 952 944 869 916 909 865 869 907 828 841 802 818 813 836 803 827 802 826 783 833 818 837 824 878 839 889 724 833 756 780 762 719 709 669 655 624 634 522 507 474 422 445 455 383 358 393 362 309 309 324 315 275 271 294 278 236 223 204 209 214 193 211 181 190 192 181 168 157 155 155 152 145 133 106 86 99 96 85 72
248 207 207 218 269 267 357 420 478 505 569 681 770 841 915 912 911 939 880 923 974 938 955 929 916 942 909 838 908 853 850 854 829 770 831 858 787 808 880 796 750 812 814 813 828 754 742 810 790 772 775 732 758 689 657 666 633 596 555 578 483 484 429 417 407 382 333 317 314 258 280 290 255 228 244 213 244 238 213 205 169 175 177 179 151 157 154 122 105 120 122 118 116 108 106 86 77 70 67 63 48 50
153 148 171 187 209 247 377 429 455 539 627 630 882 939 971 976 1043 1019 1084 1060 1070 1026 1068 1144 1045 1051 1102 1043 1023 1025 997 947 902 949 968 984 887 952 964 938 913 923 957 875 947 902 966 983 900 919 872 805 910 840 867 831 830 686 706 684 613 545 539 512 485 481 433 451 388 395 406 358 344 313 299 351 325 277 248 229 260 242 238 276 243 196 198 214 194 190 161 131 164 134 116 103 90 102 104 79 79 74
161 138 172 170 229 233 309 383 401 479 548 538 725 797 886 974 937 930 890 965 997 951 959 996 989 952 976 922 932 905 951 856 853 904 905 869 842 818 803 767 825 830 889 805 850 810 747 837 793 865 786 806 758 719 722 692 723 637 632 594 533 508 489 448 432 390 351 330 380 351 321 352 282 300 298 300 265 260 228 235 231 228 222 216 193 162 183 184 159 169 142 142 145 122 128 99 104 114 94 87 81 69
177 162 174 198 213 220 367 398 374 494 536 605 717 749 800 834 864 862 843 882 874 840 923 947 888 892 864 855 873 852 834 793 744 791 781 711 805 740 814 803 825 760 753 787 811 756 814 780 816 808 822 766 734 714 768 693 702 672 606 604 541 500 487 429 471 401 383 368 362 370 338 313 315 293 322 292 310 274 269 225 228 181 178 170 204 199 192 169 160 154 131 153 121 109 123 113 84 85 66 59 79 69
196 164 163 185 201 235 372 375 433 450 488 570 723 782 859 881 881 860 853 881 893 912 828 919 871 869 850 870 843 830 823 799 782 794 798 769 758 814 716 738 788 798 784 808 774 805 740 845 806 768 764 710 741 680 672 653 679 685 585 566 513 503 520 412 454 396 350 351 360 321 312 303 289 289 275 264 273 245 217 195 201 203 231 203 177 169 154 143 156 156 147 140 120 127 107 85 97 95 81 69 78 67
211 195 162 208 199 270 353 382 394 441 469 569 698 728 838 866 855 878 879 853 834 926 820 889 877 908 879 897 881 885 853 841 807 821 807 833 793 806 824 798 828 776 795 807 780 750 762 791 760 784 708 741 689 754 681 695 674 608 605 549 500 453 447 405 366 344 359 292 299 297 268 261 265 243 213 196 184 199 191 173 160 154 145 120 120 158 117 127 107 94 109 95 104 97 95 92 73 72 67 68 70 57
140 157 144 161 145 210 370 407 449 535 563 624 808 928 999 1037 998 947 994 1044 1104 1086 1030 1020 1056 1031 989 1080 981 979 931 977 988 975 992 908 913 924 974 896 915 973 900 925 943 962 898 925 912 897 891 885 840 845 769 772 758 722 711 648 575 563 500 510 478 459 414 379 434 364 387 357 333 333 279 361 274 279 257 274 246 257 233 223 219 211 227 189 181 190 174 124 143 133 129 107 92 108 87 86 81 62
183 190 167 192 220 211 350 351 431 564 556 621 758 762 847 921 939 928 861 946 905 932 913 918 898 892 930 958 862 846 891 881 847 817 855 859 873 801 821 833 818 801 805 830 819 782 848 849 781 754 794 748 738 738 686 718 663 642 627 603 522 462 478 449 416 383 381 351 355 325 318 318 307 297 291 276 241 279 237 229 247 223 194 205 186 177 194 153 144 149 128 156 133 114 87 119 100 86 81 99 72 53
176 169 160 149 176 217 338 363 392 463 479 554 686 718 844 843 832 838 894 851 878 856 898 838 920 864 882 836 887 838 819 804 767 777 747 748 759 770 805 709 766 728 765 755 786 773 789 792 751 767 758 732 672 744 726 643 683 645 615 616 532 455 480 391 435 354 379 331 326 346 311 311 311 299 256 296 299 269 252 221 229 204 187 180 193 182 164 171 157 151 136 154 151 136 129 114 94 94 84 84 50 64
167 175 145 193 178 210 284 324 337 430 500 529 652 759 724 830 799 832 886 858 880 881 926 895 857 888 899 941 882 900 820 860 824 834 813 832 837 776 820 795 778 796 829 774 827 822 821 794 784 789 783 754 739 733 704 662 659 596 613 648 573 513 477 460 456 406 382 341 339 312 349 341 282 291 295 289 285 252 217 199 195 189 221 194 192 168 151 154 163 168 114 154 142 105 122 128 103 98 84 85 83 72
281 258 264 285 290 312 455 480 506 592 666 709 880 946 938 992 1008 1003 1000 991 1041 972 1011 1040 968 998 1023 951 994 1023 934 958 956 945 858 883 851 834 854 812 906 841 889 856 850 832 903 841 788 850 833 778 778 740 724 730 663 681 619 627 570 486 470 431 429 435 372 350 321 304 299 269 268 234 225 207 217 208 200 171 170 151 177 155 147 140 126 115 121 106 97 123 108 110 108 91 90 90 62 68 61 68
277 233 229 270 251 322 460 511 496 659 725 805 934 1077 1131 1158 1176 1155 1226 1243 1166 1183 1192 1226 1141 1137 1134 1144 1138 1063 1040 1075 1064 1067 1048 1026 987 1007 991 1019 1005 958 1011 977 1034 982 944 1019 1015 1020 940 915 989 890 903 857 861 791 814 819 631 617 602 611 538 541 473 466 429 422 443 386 391 374 347 335 344 334 266 290 302 246 257 270 243 242 241 217 196 173 168 169 170 152 131 120 115 99 95 102 83 73
253 187 235 203 230 276 382 432 488 488 567 683 821 894 912 960 1024 935 1002 952 1002 1000 1054 940 945 978 969 961 928 946 937 894 865 861 882 895 832 908 881 826 833 868 880 869 916 830 873 867 888 815 831 782 768 759 710 773 724 715 603 626 541 534 490 457 416 433 356 349 327 369 348 321 336 344 288 264 254 271 237 232 204 204 232 215 232 193 175 183 200 139 189 177 163 136 139 124 126 111 93 80 82 65
235 176 199 221 230 268 379 412 427 521 536 597 752 847 887 875 907 939 904 991 913 915 939 911 923 873 916 930 804 909 873 866 900 861 871 826 887 810 767 875 843 810 844 829 833 802 856 819 811 776 835 783 773 752 728 707 713 661 593 608 562 512 496 413 389 405 382 368 376 365 320 308 291 272 295 276 276 291 235 211 255 234 227 219 196 194 165 196 166 178 178 146 132 135 149 111 106 113 87 81 82 74
262 219 236 232 247 288 408 394 482 498 556 632 767 833 837 876 863 883 891 940 900 921 924 898 867 871 895 869 853 798 868 875 846 715 518 474 524 504 522 484 520 541 521 531 570 581 568 555 534 552 530 549 533 518 537 478 466 455 429 440 366 361 313 341 350 286 269 259 259 220 221 195 183 175 198 204 149 147 147 136 122 99 109 103 108 103 89 109 113 79 104 84 64 74 69 57 57 62 50 62 32 31
182 178 173 169 223 210 336 364 434 448 503 555 698 752 803 779 857 839 879 859 878 845 811 861 783 843 834 840 853 868 857 812 835 835 792 744 787 741 812 797 784 740 816 769 837 778 746 745 798 766 765 745 770 727 682 694 694 626 597 602 483 523 497 485 388 404 365 351 335 296 359 299 305 273 243 272 242 274 246 258 241 226 231 215 217 209 182 167 153 154 157 142 135 136 132 105 105 97 84 96 81 83
273 215 168 268 225 266 399 422 467 509 538 625 805 817 854 910 893 901 879 914 905 897 914 963 886 949 854 857 885 892 841 809 843 870 826 828 809 789 825 802 842 875 771 800 814 805 815 832 803 829 858 758 792 767 771 727 726 644 633 582 559 533 491 464 427 403 365 360 363 296 297 303 259 272 227 204 213 214 183 184 190 189 173 156 147 123 142 125 156 117 119 101 95 77 74 78 79 72 67 61 72 59
154 127 145 152 190 210 335 370 473 567 616 691 913 913 971 1037 1088 1045 1100 1046 1068 1095 1057 1118 1041 1010 1074 1023 1021 984 1010 926 973 935 982 1010 975 935 930 915 963 977 988 969 944 929 906 966 967 952 925 931 871 820 889 829 818 696 696 670 640 609 553 484 452 452 430 429 382 373 348 337 360 335 335 287 331 296 284 241 280 254 238 243 211 223 200 197 210 184 159 162 145 139 140 124 107 110 82 87 71 52
205 187 190 181 222 262 341 413 438 500 614 592 800 845 865 927 953 875 950 940 910 923 882 860 945 886 943 894 888 871 867 878 841 852 802 813 812 779 767 804 841 808 788 793 805 815 795 735 749 749 799 684 730 744 708 675 638 620 559 599 493 437 448 420 386 363 320 321 342 321 329 332 259 292 252 277 246 226 223 212 189 210 182 175 204 192 193 156 185 162 136 133 133 121 102 93 106 87 75 72 75 55
195 160 171 168 213 222 358 350 395 467 533 551 687 739 786 863 867 809 796 826 817 875 880 823 842 839 846 811 793 799 799 800 757 801 746 753 749 729 767 746 739 754 779 770 736 742 726 738 720 750 700 714 733 733 695 669 643 594 580 582 475 478 432 423 393 401 371 330 281 307 340 270 292 270 274 261 247 242 227 187 203 196 209 223 177 169 156 142 147 145 167 135 130 104 147 110 104 94 78 61 63 44
199 174 190 191 230 216 328 377 411 421 539 588 733 738 792 806 812 835 782 839 838 798 797 871 809 824 862 800 862 874 786 774 806 753 805 745 738 762 788 758 760 774 727 775 745 758 755 798 762 677 726 740 696 741 668 659 614 613 593 557 509 512 475 425 415 425 369 314 345 317 317 296 284 282 269 259 239 223 212 206 214 213 200 192 184 158 159 179 171 158 157 135 105 144 101 103 92 105 80 64 62 64
239 177 196 215 213 234 343 411 445 461 542 571 710 808 871 846 843 811 856 785 881 889 830 868 792 857 855 854 778 794 795 784 826 775 754 799 722 784 814 717 746 757 734 787 779 793 769 756 768 787 744 752 694 690 735 739 659 684 589 574 498 464 467 413 405 385 357 328 323 283 267 291 237 250 212 229 161 211 169 174 194 179 142 130 158 126 123 130 104 131 109 97 83 89 92 88 65 68 62 62 49 52
122 130 117 157 166 185 336 340 443 543 550 630 785 872 866 917 1028 962 1028 956 980 974 964 1056 987 1030 978 963 985 964 912 969 946 925 943 923 926 834 851 849 834 941 890 904 899 861 929 832 891 878 866 880 788 855 828 810 820 661 704 672 587 507 525 457 483 451 377 378 384 357 310 359 318 335 288 296 326 302 236 236 217 238 240 223 201 192 200 177 177 171 138 146 147 129 86 115 106 75 75 78 61 68
173 167 185 177 218 234 309 331 387 437 520 541 729 811 771 885 853 854 840 868 900 882 864 894 878 871 845 932 868 871 840 816 813 862 779 813 801 780 765 796 757 784 741 746 760 816 748 733 739 763 760 745 686 676 666 683 647 625 578 546 496 493 473 446 427 364 373 350 315 303 312 287 278 264 285 245 264 239 198 183 208 184 203 177 169 151 173 150 159 161 135 131 123 123 98 98 86 66 74 74 50 61
193 164 159 164 201 235 318 351 367 419 469 524 687 743 754 800 845 858 805 782 837 892 843 874 875 788 872 815 806 793 801 790 761 726 736 738 790 797 713 801 804 751 739 759 749 748 720 755 754 729 692 713 680 658 682 620 602 602 611 540 452 443 443 392 413 365 391 330 308 318 303 286 286 270 272 234 229 252 226 186 188 223 184 172 161 145 158 141 149 158 130 138 115 115 120 114 94 98 72 74 63 48
168 143 177 184 223 235 298 362 371 427 457 546 698 739 773 793 784 866 818 857 822 803 861 891 850 830 798 843 805 784 767 778 741 768 732 751 754 775 774 777 736 744 750 749 718 732 755 757 718 764 719 747 716 738 711 704 644 606 618 595 509 488 435 444 403 394 341 330 366 319 320 294 308 294 279 274 247 227 207 201 210 190 203 180 177 167 160 172 180 149 123 108 108 118 101 107 100 77 76 71 49 47
221 171 177 237 257 264 315 380 375 475 514 585 756 832 861 848 824 922 905 930 865 897 904 883 918 889 884 915 878 839 862 838 821 852 808 815 804 782 781 782 846 781 802 788 754 754 718 789 736 792 779 800 726 750 723 668 687 659 611 558 536 514 497 414 377 431 388 325 328 311 272 291 281 219 227 239 209 184 201 153 179 174 157 135 142 134 125 123 118 118 123 108 105 105 85 107 73 79 81 72 44 67
168 162 162 168 215 274 363 440 486 593 647 695 885 969 1050 1081 1038 1107 1052 1082 1204 1134 1181 1104 1174 1166 1115 1077 1008 960 990 982 1029 966 998 1004 937 974 939 894 922 939 950 897 990 851 921 880 916 884 910 912 887 880 893 825 861 761 771 721 631 574 566 492 510 474 434 434 412 393 373 383 372 366 341 333 322 313 311 281 287 249 315 265 242 217 232 231 193 188 193 182 194 136 156 156 103 128 98 84 104 68
271 225 233 271 285 296 417 463 507 587 618 713 843 978 977 1024 982 961 1017 970 935 1001 1009 1027 972 987 982 957 971 913 896 905 918 903 860 879 860 863 891 936 872 833 829 875 865 788 817 775 813 814 745 771 773 771 710 741 710 613 649 575 521 508 454 440 421 408 397 370 348 344 360 288 329 301 297 304 301 266 238 225 245 226 231 190 216 201 242 199 196 172 144 157 136 154 150 130 113 101 104 77 72 70
215 186 191 210 245 271 416 422 445 565 560 669 783 788 859 849 908 884 887 955 923 919 886 903 894 897 863 853 876 887 866 851 777 839 840 846 813 800 820 800 864 844 849 899 880 898 806 806 824 849 780 738 819 761 725 707 658 645 652 605 585 527 471 453 410 385 382 381 338 316 328 318 307 302 298 281 282 284 232 237 260 250 223 252 209 228 207 200 143 175 164 153 152 144 127 81 125 108 99 72 85 59
258 215 215 213 225 273 387 415 513 535 581 648 775 882 872 936 931 942 885 950 912 879 926 935 882 891 875 884 841 809 794 812 891 801 839 813 826 819 774 780 760 848 783 797 820 780 792 767 826 820 838 739 761 739 697 736 680 668 673 612 502 500 450 437 448 392 369 358 336 286 325 339 309 266 278 288 261 229 228 237 208 223 206 212 198 168 175 167 181 140 140 135 118 138 102 91 99 104 72 92 76 75
220 199 190 218 242 254 369 376 434 501 547 641 743 829 834 890 892 948 892 894 912 921 938 939 977 895 833 849 835 914 867 803 818 818 839 850 807 800 804 798 851 844 868 836 825 875 815 774 760 775 786 770 761 751 722 709 664 576 599 598 496 470 444 411 420 358 337 314 302 284 275 279 241 242 246 238 211 180 194 170 147 144 145 151 156 122 133 134 115 117 116 105 117 83 92 81 75 83 56 62 70 49
140 127 131 158 175 224 313 385 406 517 562 671 880 950 924 1039 1028 1047 1005 1026 1004 1093 1052 1042 1003 960 994 950 941 997 925 940 961 960 911 905 911 905 898 973 908 929 873 965 856 932 879 893 904 805 901 787 790 803 780 738 779 725 702 635 567 546 538 472 433 421 432 401 368 357 377 336 330 344 306 315 286 276 246 248 242 241 203 218 210 219 203 182 157 169 173 144 146 111 114 103 104 88 78 72 56 51
191 178 186 157 185 244 333 367 398 442 541 578 758 821 809 895 876 866 898 890 914 883 896 877 906 911 913 871 885 897 812 801 880 840 758 820 759 795 754 795 789 784 770 814 765 815 781 797 727 763 783 754 735 729 768 636 658 620 570 557 448 458 431 417 393 388 349 338 354 327 294 293 289 294 270 268 249 259 241 216 240 179 203 184 179 159 145 167 148 141 126 144 107 121 93 104 97 89 68 61 48 58
159 173 140 152 184 222 295 356 403 471 482 567 725 716 824 804 788 886 812 806 819 874 803 825 810 826 828 789 777 826 789 792 800 745 785 780 797 804 769 786 802 736 736 762 796 763 759 699 742 703 706 775 772 721 696 680 622 609 552 495 468 452 431 405 380 381 327 334 367 329 289 333 265 253 298 251 254 262 216 207 209 187 198 184 168 180 158 164 153 152 136 131 144 115 108 93 91 90 75 84 50 57
177 179 167 177 218 225 310 324 401 419 475 556 679 753 795 786 824 809 797 802 827 835 856 838 769 841 864 786 815 821 750 776 746 759 791 735 818 709 753 717 756 783 777 780 749 783 711 793 751 704 676 730 755 780 773 700 706 611 594 562 533 457 460 405 452 409 367 335 347 314 310 316 263 313 304 258 279 243 237 219 189 215 194 190 190 169 138 152 165 138 160 134 106 95 124 87 103 74 59 59 59 59
212 172 182 199 220 268 319 380 397 473 478 557 672 763 824 819 826 803 786 894 860 863 895 868 891 868 870 832 817 789 784 784 753 763 811 628 748 683 806 766 732 800 809 833 834 754 777 819 826 741 841 759 797 726 698 723 657 628 619 580 517 451 439 411 376 386 335 302 307 272 271 255 248 210 180 219 205 194 204 169 178 148 147 128 149 142 128 99 97 125 89 109 98 72 62 88 73 68 59 52 69 55
170 139 180 161 188 282 331 374 436 603 621 765 903 971 1030 1066 1110 1117 1089 1100 1092 1050 1058 1085 1049 1016 1017 1020 1011 993 895 1040 954 983 944 931 980 968 924 994 952 900 969 952 885 950 959 923 892 913 888 878 820 904 840 814 797 693 706 628 602 543 550 486 513 456 435 409 421 383 394 331 321 336 341 303 306 286 278 248 295 253 248 218 217 183 196 166 186 171 144 141 133 139 137 114 108 95 80 67 51 66
218 146 180 229 204 256 331 390 462 517 557 589 802 881 869 957 1006 959 975 959 957 1005 986 986 939 925 938 937 973 945 857 861 899 862 860 883 874 872 899 875 905 852 870 879 866 874 869 868 810 828 783 807 773 801 797 736 723 696 623 613 569 505 503 442 429 421 370 382 354 373 358 365 301 320 271 285 299 292 249 247 257 220 214 215 198 186 183 177 170 164 177 170 165 131 135 112 83 83 73 93 66 69
211 172 167 202 238 250 375 405 412 498 568 609 724 779 864 903 853 911 905 885 933 864 921 917 845 860 865 908 859 843 848 772 800 814 807 786 800 797 775 807 789 777 777 753 767 795 810 736 821 752 738 728 708 729 722 690 739 633 582 558 521 501 446 458 411 365 369 372 327 309 305 312 262 265 264 265 260 239 250 236 204 217 211 226 173 175 171 154 162 174 143 134 156 132 110 94 102 98 90 70 94 62
228 202 211 217 219 251 368 399 460 480 576 606 761 843 890 850 905 939 915 891 894 929 855 986 859 913 881 911 932 889 861 830 835 818 862 785 803 785 781 859 817 848 796 812 854 784 811 760 792 815 836 751 739 803 741 695 690 573 600 607 517 548 444 407 423 349 372 311 349 315 290 291 243 242 242 224 197 194 173 167 183 164 126 144 120 121 124 124 119 101 117 105 84 82 94 69 82 81 73 64 66 51
99 97 139 131 143 204 294 350 416 494 553 576 793 863 913 957 1050 961 1047 1026 1019 1009 1079 1080 1015 1020 1060 939 910 928 901 888 986 909 926 938 853 801 876 854 927 861 864 875 872 855 882 891 875 867 902 846 858 860 853 797 763 792 719 704 635 570 546 519 491 432 387 401 392 367 358 355 373 305 309 293 289 309 272 246 247 241 216 194 226 224 189 197 177 149 157 140 133 126 107 107 103 94 98 70 71 51
167 139 141 166 199 203 303 293 394 442 500 597 704 804 895 826 867 875 923 822 864 874 924 915 919 867 909 876 902 898 844 858 754 773 804 773 807 787 800 818 771 798 764 804 716 805 839 758 745 714 756 750 752 678 714 704 674 634 593 561 497 468 454 383 395 358 358 351 338 303 305 327 255 232 277 283 253 270 240 226 224 212 207 200 203 146 177 147 159 150 125 92 118 130 101 102 84 85 75 67 68 59
184 131 143 141 191 227 280 336 353 370 422 570 654 711 766 821 851 822 860 854 874 836 851 881 772 826 786 787 833 833 821 795 790 795 809 764 755 756 807 755 750 805 780 800 761 798 723 705 782 721 740 796 796 722 661 664 676 621 617 563 478 478 445 429 411 393 343 343 355 270 300 334 333 281 255 249 248 220 216 236 193 215 188 203 167 156 164 166 144 162 117 127 136 128 100 123 104 76 56 66 69 59
166 134 144 159 191 204 303 320 391 433 452 539 596 728 795 788 783 801 771 855 794 779 839 803 788 796 783 788 812 766 733 788 750 743 758 794 775 748 741 758 740 664 723 782 725 735 654 689 731 774 722 732 766 704 732 712 661 651 605 579 490 440 447 447 417 380 311 353 339 275 286 291 286 251 285 263 244 246 226 182 190 219 250 173 164 197 159 204 152 151 199 113 116 111 103 101 81 72 86 94 63 54
233 188 194 212 263 252 356 377 442 457 528 600 729 828 802 853 813 866 889 878 876 918 907 858 886 860 974 855 848 820 832 802 773 790 813 791 798 800 811 784 764 809 804 832 799 795 794 773 776 799 774 773 761 727 678 695 636 643 565 565 508 469 453 408 384 393 333 313 304 288 283 262 229 215 213 198 197 178 152 141 141 157 140 143 118 132 123 105 120 102 98 100 87 80 73 59 75 71 66 57 47 46
220 194 196 213 209 273 416 436 481 557 615 705 881 948 931 1019 1002 1010 1022 1014 1030 906 1029 1081 998 1003 955 940 919 899 862 924 860 883 883 927 860 858 944 890 921 841 879 862 900 883 861 886 871 852 832 786 737 728 729 740 663 668 636 572 466 460 439 444 403 395 356 384 358 351 354 339 311 281 307 275 317 284 263 246 236 235 218 208 163 169 163 144 146 144 119 113 105 118 108 105 83 72 56 76 59 45
237 191 176 226 249 264 388 428 451 489 565 621 810 922 902 905 903 856 889 910 871 883 892 894 869 844 828 896 885 791 806 769 809 818 764 778 770 750 788 777 813 758 731 785 705 720 750 710 724 727 725 679 707 660 672 638 618 503 526 478 403 413 368 322 365 303 283 275 284 267 271 253 275 212 261 240 216 209 211 193 172 183 199 182 172 135 143 147 128 102 125 90 101 106 99 88 77 75 58 57 49 38
237 154 151 218 218 285 405 362 398 458 505 652 740 780 801 777 843 861 825 829 863 846 800 861 980 810 918 864 857 831 866 784 755 752 790 794 766 768 823 768 764 764 780 813 758 729 723 782 736 749 735 727 706 654 695 625 609 613 540 502 425 426 433 418 380 316 330 322 331 298 298 277 281 300 262 236 250 241 217 178 161 196 191 196 168 144 137 133 130 115 138 123 118 126 104 93 84 72 77 55 75 41
248 174 158 192 204 239 392 437 495 545 588 669 697 822 832 861 881 871 813 783 853 876 821 897 904 853 835 903 788 808 755 832 746 763 753 701 704 772 759 744 730 798 710 725 779 816 748 714 734 729 708 688 696 659 648 612 589 578 552 468 368 385 346 361 350 286 271 269 266 250 257 242 237 242 255 228 223 213 197 181 186 196 228 169 141 139 140 122 145 124 134 117 112 98 90 96 73 70 70 64 59 61
426 276 277 291 336 397 581 568 545 581 648 749 843 969 941 963 911 950 975 920 904 973 879 902 917 898 830 874 821 830 817 806 782 772 811 769 829 755 789 804 807 811 749 835 812 793 771 805 758 747 821 740 734 737 723 686 690 621 553 536 469 447 410 358 344 330 300 277 296 276 250 273 237 223 203 199 183 171 165 144 144 134 137 107 98 135 109 108 105 108 83 85 82 77 77 65 80 63 54 49 60 45
210 171 174 187 216 272 419 462 479 587 570 693 924 938 1018 1065 1027 1029 1101 1012 1046 993 1082 1024 1025 972 1018 1050 1016 1044 927 899 919 895 880 896 898 949 905 900 947 877 878 894 870 877 905 853 869 867 894 871 765 811 801 761 718 696 616 581 514 471 437 415 402 423 362 368 345 346 346 309 306 313 299 313 293 288 226 212 241 198 208 215 221 200 176 175 175 146 123 134 132 113 115 104 110 85 69 65 77 44
236 170 189 216 224 275 394 408 505 542 617 656 792 879 879 821 916 935 924 925 897 918 929 879 951 892 885 857 834 880 775 806 814 782 852 780 766 781 784 753 767 757 787 749 769 763 761 708 762 671 693 714 711 655 585 611 561 552 492 479 452 371 334 349 305 271 165 303 345 347 306 282 265 296 257 257 221 241 216 199 231 209 221 166 128 185 166 157 164 137 129 115 132 125 115 102 67 86 84 61 49 60
181 164 158 180 212 222 327 361 400 449 480 562 636 742 780 804 881 858 810 862 848 858 860 870 887 852 868 860 820 832 813 841 797 749 798 722 704 756 781 811 843 771 772 726 767 770 745 542 692 690 745 758 688 761 755 675 573 634 588 518 463 433 428 411 446 433 371 344 333 341 368 295 541 277 261 255 272 264 271 218 221 177 186 189 181 151 150 154 173 127 116 145 113 166 107 102 84 97 82 69 65 59
198 165 150 180 188 244 335 420 411 474 560 601 707 813 791 828 863 823 867 849 886 875 825 826 828 905 780 853 808 830 837 791 798 786 769 798 770 760 762 748 772 743 734 777 815 763 795 834 760 721 751 723 744 787 725 676 728 647 605 543 494 458 442 393 386 378 354 328 310 340 292 321 266 274 271 296 238 219 246 252 188 197 220 205 169 172 161 149 151 152 145 111 108 110 106 92 78 68 61 67 55 47
217 215 167 238 258 290 374 376 497 536 538 555 669 756 824 865 851 902 851 830 830 863 858 915 869 826 851 808 794 812 732 778 762 804 750 767 735 631 666 760 763 728 768 763 716 685 753 805 802 727 714 762 730 736 696 656 678 617 519 485 434 424 380 361 380 360 365 319 306 299 269 254 235 249 209 197 196 182 172 145 140 166 139 136 137 115 167 97 147 87 140 143 134 150 87 102 74 74 49 53 33 45
162 147 155 197 204 219 308 427 417 483 612 660 879 991 947 976 1008 1037 1026 1056 1038 1062 1161 1088 1150 1139 1093 1174 1156 1128 1061 1117 1154 1125 1062 990 1094 1092 1088 1056 1057 1057 1025 988 1017 1039 1110 1050 1053 1026 958 998 1017 1052 934 908 782 810 742 724 636 585 502 485 434 427 388 404 369 383 386 354 346 330 329 339 299 295 251 271 206 224 242 213 198 224 199 198 182 173 171 151 139 129 107 92 85 105 75 90 88 71
230 184 208 205 242 270 388 441 518 605 634 675 922 961 1062 1101 1131 1135 1057 1101 1164 1065 1103 1130 1084 1067 1119 1087 1048 1083 1055 991 979 975 983 927 933 932 968 933 972 946 1039 921 912 918 872 938 1041 964 986 918 955 916 869 778 760 647 672 628 546 551 485 438 425 424 396 398 323 321 312 322 325 318 310 288 260 302 276 240 210 231 233 199 190 193 163 156 159 141 156 123 140 144 125 104 119 92 86 94 93 61
250 191 215 218 200 246 412 404 454 594 622 711 852 938 965 1059 1032 1062 1074 1096 1009 977 992 1032 948 970 1003 989 963 932 929 911 858 880 890 903 841 963 909 899 906 922 891 869 893 891 836 834 867 817 824 813 883 834 812 779 793 729 681 596 502 486 431 441 424 436 364 358 329 319 341 309 281 315 273 264 291 229 217 249 208 211 221 202 195 185 154 167 182 130 141 151 119 135 110 111 108 82 84 77 65 58
258 216 227 209 263 298 431 465 505 632 663 726 868 986 1004 1009 1023 1012 1017 1002 969 991 1002 1063 999 983 999 1027 983 1018 1023 947 894 906 870 877 941 849 872 938 911 932 886 945 903 925 900 891 935 856 823 880 839 876 764 719 725 610 612 556 456 398 423 433 419 332 331 300 333 269 265 252 270 246 237 220 237 192 182 164 156 154 136 126 142 131 111 144 127 102 98 94 115 83 86 72 76 76 69 51 61 40
217 195 197 192 185 260 361 410 454 551 607 667 867 920 944 1004 1067 1019 1051 1057 1074 1034 1086 962 1018 991 1008 1031 982 941 852 964 879 895 938 890 920 939 913 921 923 1047 1132 1073 1076 1145 1303 1341 1355 1401 1372 1348 1306 1162 1057 982 978 830 774 711 641 559 568 494 456 470 396 386 388 326 374 335 373 328 337 318 302 250 232 253 230 201 230 174 187 160 196 202 172 179 142 132 118 135 137 99 102 83 78 62 73 67
197 182 172 182 235 284 351 428 453 559 613 696 861 920 959 1033 1029 990 1063 1059 1088 977 1068 1042 1015 1016 958 916 986 967 940 985 918 883 901 913 908 890 917 898 906 887 882 904 831 859 842 893 819 853 783 826 812 763 754 728 659 674 613 569 490 395 461 433 357 375 350 341 327 299 317 291 284 293 296 303 260 262 235 211 186 200 183 191 208 166 149 177 124 142 126 108 115 104 117 91 76 73 92 76 62 58
224 175 185 176 195 236 337 367 437 497 596 656 821 861 916 939 948 932 1047 950 948 1013 987 956 943 937 925 936 917 946 887 858 895 870 853 884 905 829 839 883 885 968 881 909 909 877 847 880 922 881 851 919 877 881 795 745 728 674 694 549 462 447 457 401 411 377 471 455 513 418 328 301 322 267 301 273 298 262 226 200 212 183 184 156 154 174 158 140 164 131 129 114 151 139 116 131 93 72 75 60 74 38
262 208 220 226 254 280 400 432 427 533 608 671 866 898 955 998 909 1000 982 1013 1057 1013 1001 1014 1019 989 1032 978 1023 914 916 962 955 958 836 872 962 907 930 897 923 920 964 898 933 861 910 866 873 942 938 909 903 898 797 789 715 652 624 576 479 433 421 404 400 346 341 345 321 300 279 272 250 230 242 237 225 208 149 184 166 152 133 142 134 138 123 116 106 117 103 117 104 91 91 84 70 67 78 62 53 46
214 117 140 189 221 257 425 476 503 652 680 804 1068 1081 1208 1243 1231 1217 1237 1175 1221 1200 1274 1188 1134 1169 1199 1160 1139 1140 1100 1067 1117 1100 1116 1092 1076 1080 1068 1027 1087 1052 1020 1050 1074 1142 1171 1049 1046 1087 1015 1069 1059 959 927 911 932 796 807 704 610 556 529 469 458 437 425 432 373 367 406 380 326 385 361 306 331 284 249 244 307 261 223 203 220 192 197 178 165 178 159 158 138 134 137 96 90 79 104 81 64 25
238 180 197 176 215 207 342 421 458 635 568 705 849 951 1012 979 1003 1036 998 1007 1029 1028 1062 1007 993 1056 1017 1102 994 1046 1000 975 970 972 913 929 979 961 952 894 993 910 926 941 978 962 926 902 914 966 908 892 853 853 781 746 688 609 549 495 419 395 362 312 319 299 282 271 268 243 248 191 180 198 174 187 167 173 148 129 137 135 120 132 116 124 120 89 113 87 102 66 72 68 69 54 45 42 51 59 45 40
250 170 197 212 214 280 374 396 483 570 569 787 928 943 1027 1037 1019 1055 975 1043 1029 1077 1046 1023 1036 984 1018 963 914 883 903 973 938 854 900 875 897 942 855 814 835 879 844 838 841 907 869 803 834 783 770 732 738 710 657 664 634 534 524 472 408 317 367 314 294 285 273 260 224 258 253 232 226 193 190 179 171 159 165 150 136 123 149 140 113 119 120 119 111 112 113 110 92 89 68 70 82 70 70 62 68 38
237 182 212 242 241 268 463 450 472 561 637 777 945 1033 1011 1116 960 1061 1078 1184 1143 1175 1156 1156 1073 1098 1145 1055 1087 1060 1003 1043 1024 1025 965 1016 982 1048 979 1008 931 1021 1037 990 1052 1007 967 1030 959 991 975 945 960 913 824 866 819 753 719 644 564 504 460 474 437 416 379 391 411 338 319 357 312 348 321 286 298 286 249 218 212 220 203 205 184 171 180 189 183 142 166 153 153 134 147 109 97 93 104 81 79 84
184 179 191 198 176 209 354 384 414 517 566 600 738 844 918 960 918 988 964 983 997 1013 1062 1051 960 976 963 1001 952 946 1007 911 879 959 929 872 956 919 896 879 892 932 938 923 910 977 877 902 905 917 851 844 819 822 763 709 666 679 595 541 487 418 441 392 373 362 338 326 324 284 311 261 253 257 230 204 244 211 210 196 180 191 196 155 176 167 140 131 157 116 137 119 121 111 97 95 79 91 70 74 63 64
216 173 203 217 242 288 363 422 470 555 683 698 826 936 990 1072 1061 1081 1089 1130 1130 1147 1111 1117 1190 1081 1091 1114 1128 1041 1064 1040 1022 954 1032 1009 975 990 1008 1036 969 989 1002 1042 1036 1052 1065 1029 1042 983 965 985 962 958 945 843 832 729 695 648 528 554 496 419 430 427 364 330 328 304 311 304 250 261 227 237 228 205 212 192 165 160 173 152 131 127 155 125 137 116 128 97 102 109 83 85 94 92 89 67 62 74
136 121 135 168 180 227 348 430 471 614 708 799 935 1158 1227 1248 1260 1254 1255 1229 1195 1227 1269 1224 1192 1216 1261 1237 1223 1115 1141 1067 1169 1123 1095 1166 1108 1185 1183 1167 1135 1072 1158 1137 1154 1053 1103 1107 1112 1109 1092 1117 1073 1067 1005 1004 924 868 860 785 586 598 577 503 540 490 433 393 425 409 403 360 341 353 369 348 341 336 290 272 276 255 259 215 198 197 176 177 177 189 168 155 117 118 126 125 103 85 97 64 74 65
202 185 180 199 228 240 393 437 445 586 661 747 935 1049 1066 1213 1193 1234 1132 1120 1175 1125 1124 1151 1147 1145 1120 1114 1116 1095 1058 1031 1043 1044 1010 972 986 983 1048 982 919 1034 946 1000 1011 993 951 988 949 1040 985 937 942 915 801 833 789 754 671 632 532 521 496 469 410 404 398 369 360 343 330 339 349 328 302 273 274 294 251 237 214 228 240 210 199 202 171 179 179 163 147 152 151 136 120 108 97 87 67 81 80 72
164 164 179 160 207 213 358 387 453 564 585 661 864 925 972 1072 1052 1063 1081 1072 1032 1076 1122 1130 1061 1079 1117 1123 1055 1043 1066 937 1027 995 1016 967 985 975 965 960 952 1005 1007 981 902 1001 945 939 931 898 963 964 960 898 901 787 807 744 657 556 570 487 494 430 432 427 365 388 382 333 315 341 329 288 296 275 284 257 279 235 233 208 184 201 165 195 158 203 154 140 150 145 128 122 118 108 97 96 91 72 83 62
176 161 193 204 208 237 346 397 450 559 610 705 838 945 1037 1060 1111 1064 1096 1078 1086 1066 1111 1073 1128 1055 1089 1131 1021 1041 962 1017 927 990 981 977 911 978 953 1007 939 1008 980 974 1003 963 954 1005 933 971 999 942 910 870 867 903 808 777 720 705 565 512 522 445 419 408 386 359 353 340 311 328 298 307 310 278 280 237 229 193 179 219 206 189 175 167 170 164 159 157 161 128 121 157 114 109 99 74 104 79 62 61
215 184 209 221 245 271 367 440 516 570 642 758 889 1027 1054 1118 1119 1170 1167 1155 1105 1139 1121 1076 1064 1173 1152 1090 1075 1057 1005 1047 982 945 905 973 915 984 992 968 928 937 998 1003 958 979 964 956 939 945 971 961 911 881 859 807 793 766 728 653 563 484 446 448 413 442 341 331 279 319 270 269 273 299 272 240 228 189 179 188 168 156 138 153 121 132 152 124 125 124 104 111 82 97 100 73 80 88 67 58 73 60
165 126 115 196 184 226 375 433 462 641 723 832 1016 1094 1261 1335 1311 1305 1335 1307 1255 1311 1337 1314 1308 1272 1324 1280 1225 1211 1167 1186 1209 1154 1180 1158 1202 1128 1206 1170 1178 1126 1156 1164 1224 1144 1173 1154 1154 1145 1114 1106 1127 1109 1084 1033 982 919 915 791 706 601 582 538 497 517 434 469 459 408 393 398 399 356 372 350 323 316 278 285 256 259 243 256 215 235 177 195 202 203 176 166 136 173 154 139 111 102 99 91 82 71
185 180 185 204 234 249 395 422 460 634 670 781 928 1030 1044 1153 1176 1175 1186 1187 1215 1165 1201 1215 1152 1179 1154 1179 1127 1108 1042 1097 1081 1050 1017 922 1009 989 1003 1014 1003 1029 1002 1046 1031 999 1067 996 994 969 986 950 967 932 864 840 753 745 667 638 516 463 467 441 413 395 409 383 397 350 345 318 307 301 298 250 265 257 252 229 213 234 209 206 203 174 165 163 158 142 127 124 117 125 110 123 103 103 97 75 65 60
180 183 180 194 217 239 364 376 461 573 597 673 829 967 1056 1092 1135 1008 1054 1050 1160 1099 1064 1132 1042 1070 1148 1100 1039 1070 971 932 949 994 977 931 973 949 995 940 914 929 952 953 969 926 919 901 939 937 938 877 907 880 854 807 745 733 715 618 539 453 485 456 429 361 390 362 358 324 343 303 306 281 287 254 240 234 233 217 206 221 225 209 198 164 160 167 151 118 143 127 143 119 128 106 115 102 97 78 71 72
188 154 186 193 227 250 366 401 436 532 650 670 908 918 985 1030 1044 1033 1023 1004 1068 1027 1067 1026 1082 1037 1084 1063 1023 1075 979 966 964 947 877 977 904 913 891 967 945 945 937 937 954 971 937 944 926 889 917 917 895 865 878 816 772 752 696 622 586 488 484 474 433 475 386 386 370 364 329 332 326 285 292 299 308 277 223 234 213 212 207 220 195 179 184 164 174 153 127 148 159 139 129 102 134 97 96 96 69 67
225 181 203 234 213 304 387 420 455 594 663 716 934 934 1018 1209 1124 1174 1099 1079 1118 1123 1064 1081 1060 1082 1065 1021 1048 956 1011 950 976 998 944 962 878 968 901 927 896 906 929 958 948 956 1032 993 971 929 959 968 940 944 939 835 805 719 710 634 542 553 460 420 412 360 338 342 343 302 298 294 274 255 245 231 217 217 213 212 160 169 159 149 135 141 120 127 141 135 106 118 107 97 100 100 74 67 72 57 66 59
139 135 137 124 173 215 345 390 449 548 637 741 951 1094 1087 1214 1184 1249 1231 1278 1214 1255 1203 1141 1184 1259 1187 1215 1196 1195 1134 1159 1044 1078 1043 1012 1042 1020 1082 1074 1037 1061 997 1084 1031 1090 1032 1053 1011 1042 970 898 1051 912 782 816 797 772 700 648 509 485 442 452 400 397 379 331 335 351 346 352 294 281 270 271 254 220 223 199 192 190 190 171 183 182 139 152 135 132 133 138 115 112 97 103 90 84 80 82 74 49
85 97 116 99 119 155 250 252 314 383 402 463 571 685 685 743 888 813 855 900 923 925 970 915 970 942 936 867 917 934 911 901 932 903 886 852 955 923 924 867 866 859 876 899 883 939 894 950 825 828 860 794 818 772 742 660 644 616 545 523 425 408 400 346 351 317 302 288 258 255 251 205 229 257 254 223 228 183 185 179 170 176 158 155 159 147 135 121 151 117 116 108 115 101 77 89 62 71 79 71 77 60
177 149 134 171 185 199 321 341 404 517 592 597 819 970 961 1018 1051 1024 1091 1136 1121 1198 1178 1134 1132 1156 1178 1102 1069 1036 1071 1026 975 1066 1034 956 950 968 983 1078 1003 917 995 926 988 919 1043 954 926 869 882 903 829 835 755 733 680 634 597 556 439 442 407 333 354 362 294 283 272 283 250 217 223 212 195 194 190 176 171 176 139 120 133 136 113 106 95 105 109 101 98 95 98 85 81 82 65 62 74 65 60 46
126 116 115 137 156 190 324 377 477 575 643 754 1001 1210 1207 1307 1356 1283 1416 1349 1340 1367 1339 1342 1421 1348 1343 1322 1372 1207 1235 1174 1265 1215 1182 1198 1157 1155 1122 1156 1187 1146 1146 1143 1121 1144 1117 1159 1143 1105 1076 1080 1053 1010 947 937 865 813 780 695 564 500 469 458 485 453 453 366 372 352 372 354 362 301 289 270 272 297 245 211 232 208 217 209 172 182 178 180 164 157 126 145 127 134 122 119 121 112 99 83 80 55