Progeny Sire    Dam     Sex  G   NMPrg NFPrg F        Homo     Phen      Res       Polygene  QTL      
1       0       0       M   0    0     2     0.000000 0.557628 -6.372531 +3.260672 -0.000000 -9.633202
2       0       0       M   0    1     1     0.000000 0.583611 -6.473287 +2.110182 -0.000000 -8.583469
3       0       0       M   0    2     2     0.000000 0.581612 +1.708302 +2.371458 +0.000000 -0.663156
4       0       0       M   0    2     2     0.000000 0.562292 +0.369692 +4.734811 -0.000000 -4.365119
5       0       0       M   0    2     2     0.000000 0.629580 +1.400931 +10.553108 +0.000000 -9.152177
6       0       0       M   0    3     1     0.000000 0.559627 -1.104420 -6.813348 -0.000000 +5.708928
7       0       0       M   0    2     0     0.000000 0.595603 -2.988837 +10.082431 +0.000000 -13.071268
8       0       0       M   0    2     2     0.000000 0.576282 +0.451939 -2.042410 -0.000000 +2.494349
9       0       0       M   0    1     1     0.000000 0.612925 -7.010165 +0.485289 +0.000000 -7.495453
10      0       0       M   0    2     2     0.000000 0.600933 +9.518681 +3.482079 -0.000000 +6.036602
11      0       0       M   0    0     4     0.000000 0.548301 -0.944055 -5.752002 -0.000000 +4.807947
12      0       0       M   0    2     0     0.000000 0.609594 -12.035697 -3.910227 -0.000000 -8.125470
13      0       0       M   0    2     2     0.000000 0.572951 +4.832525 +0.283801 -0.000000 +4.548725
14      0       0       M   0    1     1     0.000000 0.618254 -22.634075 -13.598765 -0.000000 -9.035310
15      0       0       M   0    2     2     0.000000 0.568954 +2.395461 +3.157121 -0.000000 -0.761660
16      0       0       M   0    3     1     0.000000 0.598268 -0.858045 -5.873213 +0.000000 +5.015168
17      0       0       M   0    1     1     0.000000 0.531646 -18.718553 -11.735076 +0.000000 -6.983478
18      0       0       M   0    1     1     0.000000 0.572951 -6.007581 +11.276151 -0.000000 -17.283732
19      0       0       M   0    1     1     0.000000 0.556962 -17.992486 -4.565449 +0.000000 -13.427037
20      0       0       M   0    1     1     0.000000 0.576282 -4.260977 -6.523867 +0.000000 +2.262890
21      0       0       F   0    1     0     0.000000 0.574950 -16.564728 -7.000633 -0.000000 -9.564095
22      0       0       F   0    2     0     0.000000 0.633578 +6.803835 +11.473103 +0.000000 -4.669268
23      0       0       F   0    1     1     0.000000 0.620253 +9.257887 +6.373132 -0.000000 +2.884754
24      0       0       F   0    1     1     0.000000 0.593604 +6.338292 -2.678823 +0.000000 +9.017116
25      0       0       F   0    1     1     0.000000 0.630913 +25.141857 +4.638385 -0.000000 +20.503472
26      0       0       F   0    2     0     0.000000 0.572285 +5.989683 +12.711234 -0.000000 -6.721552
27      0       0       F   0    2     0     0.000000 0.578281 -8.927173 -4.118622 -0.000000 -4.808551
28      0       0       F   0    1     1     0.000000 0.560959 -16.235890 -13.768842 +0.000000 -2.467048
29      0       0       F   0    1     1     0.000000 0.567622 +4.841826 +1.652271 +0.000000 +3.189556
30      0       0       F   0    1     1     0.000000 0.544304 +8.858655 +7.415881 -0.000000 +1.442773
31      0       0       F   0    0     2     0.000000 0.570953 +13.511465 +13.955763 -0.000000 -0.444298
32      0       0       F   0    1     1     0.000000 0.565623 +6.579141 +8.981382 -0.000000 -2.402241
33      0       0       F   0    1     0     0.000000 0.604264 -22.524688 -3.375502 +0.000000 -19.149187
34      0       0       F   0    2     0     0.000000 0.569620 -4.068505 +10.464497 -0.000000 -14.533002
35      0       0       F   0    1     1     0.000000 0.584277 -4.945164 -1.111860 +0.000000 -3.833304
36      0       0       F   0    2     0     0.000000 0.550966 +5.825711 +4.139047 +0.000000 +1.686663
37      0       0       F   0    0     2     0.000000 0.582945 -12.082669 -4.497128 +0.000000 -7.585541
38      0       0       F   0    1     1     0.000000 0.582945 +6.659641 +8.868439 -0.000000 -2.208798
39      0       0       F   0    1     1     0.000000 0.599600 -9.095576 -6.727819 -0.000000 -2.367758
40      0       0       F   0    1     1     0.000000 0.572951 +0.749804 -5.996056 -0.000000 +6.745860
41      0       0       F   0    1     1     0.000000 0.602931 +0.224625 +3.771620 +0.000000 -3.546995
42      0       0       F   0    2     0     0.000000 0.608927 -1.588609 -1.012957 +0.000000 -0.575652
43      0       0       F   0    0     2     0.000000 0.611592 +4.561863 -1.389130 -0.000000 +5.950993
44      0       0       F   0    1     1     0.000000 0.590939 +3.457592 +0.963046 +0.000000 +2.494546
45      0       0       F   0    1     1     0.000000 0.576282 +0.412033 -0.419051 -0.000000 +0.831084
46      0       0       F   0    1     1     0.000000 0.598934 +2.233415 -3.178984 -0.000000 +5.412399
47      0       0       F   0    1     1     0.000000 0.588941 -11.356300 -9.072096 -0.000000 -2.284204
48      0       0       F   0    2     0     0.000000 0.560959 +5.661411 +4.285310 -0.000000 +1.376101
49      0       0       F   0    1     1     0.000000 0.603598 +7.165465 +2.912682 +0.000000 +4.252783
50      0       0       F   0    0     2     0.000000 0.568954 +1.972756 -5.569850 -0.000000 +7.542606
51      0       0       F   0    0     1     0.000000 0.586942 -19.727923 -9.008969 -0.000000 -10.718954
52      0       0       F   0    0     2     0.000000 0.558961 -11.830735 -7.363922 -0.000000 -4.466813
53      0       0       F   0    1     1     0.000000 0.590939 -7.895804 -1.432640 +0.000000 -6.463164
54      0       0       F   0    2     0     0.000000 0.557628 -11.912705 +4.976819 +0.000000 -16.889523
55      0       0       F   0    1     1     0.000000 0.565623 -6.065979 +1.787617 +0.000000 -7.853596
56      0       0       F   0    0     1     0.000000 0.588941 -26.107555 -14.798033 -0.000000 -11.309522
57      0       0       F   0    0     2     0.000000 0.589607 -5.319999 -3.612294 +0.000000 -1.707706
58      0       0       F   0    1     1     0.000000 0.583611 -14.864427 -5.186835 +0.000000 -9.677591
59      0       0       F   0    0     2     0.000000 0.564957 +12.168850 +0.711948 +0.000000 +11.456902
60      0       0       F   0    1     1     0.000000 0.654231 +9.368022 +9.550185 +0.000000 -0.182163
61      2       60      M   1    0     0     0.000000 0.563624 -5.646540 -0.794622 +0.000000 -4.851919
62      2       59      F   1    0     0     0.000000 0.565623 -3.182159 +0.247039 +0.000000 -3.429198
63      14      52      F   1    0     0     0.000000 0.550300 -9.615475 -5.302918 +0.000000 -4.312557
64      14      24      M   1    1     1     0.000000 0.576282 -2.561024 +1.811189 +0.000000 -4.372213
65      10      58      F   1    0     0     0.000000 0.567622 -1.182088 +1.305884 +0.000000 -2.487973
66      10      28      M   1    0     0     0.000000 0.630247 -12.840166 -14.176726 +0.000000 +1.336559
67      8       57      F   1    0     0     0.000000 0.645570 +2.440647 +6.366700 +0.000000 -3.926054
68      8       30      M   1    1     1     0.000000 0.591606 +8.935128 -5.395410 +0.000000 +14.330538
69      15      41      F   1    0     1     0.000000 0.573618 +11.623449 +6.581078 +0.000000 +5.042371
70      15      32      M   1    1     1     0.000000 0.550300 +4.611655 +3.727685 +0.000000 +0.883970
71      11      46      F   1    0     0     0.000000 0.532312 -0.511678 +2.956340 +0.000000 -3.468017
72      11      35      F   1    0     1     0.000000 0.559627 +16.876408 +11.924279 +0.000000 +4.952129
73      5       37      F   1    0     0     0.000000 0.607595 -7.780314 +4.117059 +0.000000 -11.897373
74      5       54      M   1    0     2     0.000000 0.650233 -4.581900 +17.823400 +0.000000 -22.405300
75      1       29      F   1    0     0     0.000000 0.566289 -2.825140 -4.471721 +0.000000 +1.646581
76      1       51      F   1    0     0     0.000000 0.571619 -19.817162 -5.803403 +0.000000 -14.013758
77      9       42      M   1    0     0     0.000000 0.576282 -5.845314 +0.055444 +0.000000 -5.900759
78      9       50      F   1    0     0     0.000000 0.563624 -10.678927 -10.500665 +0.000000 -0.178262
79      6       23      F   1    0     0     0.000000 0.617588 -1.725700 -4.308113 +0.000000 +2.582413
80      6       40      M   1    1     1     0.000000 0.570286 +5.860238 +0.295711 +0.000000 +5.564528
81      16      48      M   1    0     0     0.000000 0.554297 -5.780277 -1.210108 +0.000000 -4.570170
82      16      44      M   1    1     1     0.000000 0.636243 +11.881372 +7.272117 +0.000000 +4.609255
83      12      53      M   1    0     0     0.000000 0.566289 -11.914185 -7.109531 +0.000000 -4.804654
84      12      33      M   1    0     0     0.000000 0.585610 -18.562460 -8.080482 +0.000000 -10.481978
85      4       34      M   1    0     0     0.000000 0.594270 -20.840376 -8.746617 +0.000000 -12.093759
86      4       27      M   1    0     0     0.000000 0.599600 -7.871882 -0.186728 +0.000000 -7.685153
87      18      43      F   1    0     1     0.000000 0.593604 +8.964949 +9.549763 +0.000000 -0.584813
88      18      55      M   1    0     0     0.000000 0.642239 -25.963712 -10.297715 +0.000000 -15.665997
89      7       22      M   1    0     0     0.000000 0.573618 -16.213521 -6.538818 +0.000000 -9.674704
90      7       21      M   1    0     0     0.000000 0.583611 -15.596528 -3.225328 +0.000000 -12.371200
91      3       36      M   1    2     0     0.000000 0.616922 -3.177305 -2.863903 +0.000000 -0.313403
92      3       39      F   1    0     0     0.000000 0.524317 -4.609467 -2.817057 +0.000000 -1.792410
93      13      26      M   1    0     0     0.000000 0.586942 -11.052930 -8.431791 +0.000000 -2.621139
94      13      38      M   1    1     1     0.000000 0.585610 +3.208535 +1.652524 +0.000000 +1.556012
95      19      56      F   1    0     0     0.000000 0.617588 -13.312381 +9.005690 +0.000000 -22.318071
96      19      47      M   1    0     0     0.000000 0.603598 -7.240450 +0.318333 +0.000000 -7.558783
97      20      25      M   1    0     2     0.000000 0.536975 +3.492287 -7.617686 +0.000000 +11.109972
98      20      45      F   1    0     1     0.000000 0.562292 +9.238534 +12.196960 +0.000000 -2.958426
99      17      31      F   1    0     0     0.000000 0.584277 -10.713713 -10.081985 +0.000000 -0.631727
100     17      49      M   1    0     2     0.000000 0.631579 +3.068489 -3.338583 +0.000000 +6.407071
101     91      41      M   2    0     0     0.000000 0.606929 +2.132198 +9.137083 +0.000000 -7.004885
102     91      22      M   2    0     0     0.000000 0.575616 -8.172143 -7.772853 +0.000000 -0.399291
103     15      58      M   2    0     0     0.000000 0.590939 -1.818916 +1.773761 +0.000000 -3.592677
104     15      53      F   2    0     0     0.000000 0.592938 -14.936834 -8.207511 +0.000000 -6.729323
105     16      27      M   2    0     0     0.000000 0.560959 +13.434564 +10.222079 +0.000000 +3.212485
106     16      43      F   2    0     0     0.000000 0.584277 +12.979182 +3.911395 +0.000000 +9.067787
107     97      31      F   2    0     0     0.000000 0.551632 +6.485941 +0.371008 +0.000000 +6.114932
108     97      25      F   2    0     0     0.250000 0.740839 +7.156730 -3.947275 +0.000000 +11.104005
109     11      59      F   2    0     0     0.000000 0.618254 -1.926064 +0.196439 +0.000000 -2.122503
110     11      38      F   2    0     0     0.000000 0.528314 +13.104384 +4.265532 +0.000000 +8.838852
111     5       42      M   2    0     0     0.000000 0.609594 -5.823385 -3.157298 +0.000000 -2.666087
112     5       24      F   2    0     0     0.000000 0.546969 -2.630876 -5.127440 +0.000000 +2.496564
113     82      26      M   2    0     0     0.000000 0.584943 -7.029902 -9.088247 +0.000000 +2.058345
114     82      40      F   2    0     0     0.000000 0.602931 +0.255344 -4.510093 +0.000000 +4.765437
115     80      55      F   2    0     0     0.000000 0.551632 -8.652193 -6.009583 +0.000000 -2.642610
116     80      34      M   2    0     0     0.000000 0.592272 -1.367550 +1.452482 +0.000000 -2.820032
117     13      30      F   2    0     0     0.000000 0.563624 -1.618835 -2.965825 +0.000000 +1.346989
118     13      98      F   2    0     0     0.000000 0.572285 -9.808954 -12.430167 +0.000000 +2.621213
119     64      60      F   2    0     0     0.000000 0.570953 -8.498010 +0.303045 +0.000000 -8.801055
120     64      46      M   2    0     0     0.000000 0.604264 -1.271214 -1.261682 +0.000000 -0.009532
121     6       29      M   2    0     0     0.000000 0.554963 +6.479751 -0.119004 +0.000000 +6.598755
122     6       36      M   2    0     0     0.000000 0.590273 -2.077643 -8.970842 +0.000000 +6.893199
123     8       35      M   2    0     0     0.000000 0.580946 +14.334941 +9.547235 +0.000000 +4.787706
124     8       44      F   2    0     0     0.000000 0.535643 +10.184984 +1.227804 +0.000000 +8.957179
125     74      37      F   2    0     0     0.000000 0.625583 -13.814183 +2.397874 +0.000000 -16.212057
126     74      57      F   2    0     0     0.000000 0.702199 -15.318512 +1.477578 +0.000000 -16.796090
127     10      32      F   2    0     0     0.000000 0.634910 -3.810387 -1.694960 +0.000000 -2.115427
128     10      48      M   2    0     0     0.000000 0.586276 +9.033812 +9.395660 +0.000000 -0.361848
129     3       54      M   2    0     0     0.000000 0.692205 -10.642346 -1.223435 +0.000000 -9.418911
130     3       50      F   2    0     0     0.000000 0.582945 +6.839624 +3.100882 +0.000000 +3.738743
131     94      39      M   2    0     0     0.000000 0.564290 -21.018112 -15.596757 +0.000000 -5.421355
132     94      28      F   2    0     0     0.000000 0.600933 -1.397436 -4.833660 +0.000000 +3.436224
133     100     47      F   2    0     0     0.000000 0.548967 +7.363081 +6.728643 +0.000000 +0.634437
134     100     72      F   2    0     0     0.000000 0.539640 +14.115161 +4.485570 +0.000000 +9.629591
135     4       49      F   2    0     0     0.000000 0.551632 +2.822536 +5.000907 +0.000000 -2.178371
136     4       52      F   2    0     0     0.000000 0.594937 -7.956889 -2.663903 +0.000000 -5.292987
137     68      87      F   2    0     0     0.000000 0.628248 -12.636813 -15.046294 +0.000000 +2.409481
138     68      23      M   2    0     0     0.000000 0.610260 +8.047834 -4.831404 +0.000000 +12.879238
139     70      69      F   2    0     0     0.125000 0.566955 +8.598135 +3.249177 +0.000000 +5.348958
140     70      45      M   2    0     0     0.000000 0.593604 +0.235549 +2.617222 +0.000000 -2.381673
