Progeny Sire    Dam     Sex  G   NMPrg NFPrg F        Homo     Phen      Res       Polygene  QTL      
1       0       0       M   0    1     3     0.000000 0.573860 +18.480172 +11.046915 -0.000000 +7.433257
2       0       0       M   0    1     1     0.000000 0.648741 +1.371197 -5.330285 -0.000000 +6.701481
3       0       0       M   0    1     1     0.000000 0.582709 -7.322503 -5.859810 +0.000000 -1.462693
4       0       0       M   0    1     1     0.000000 0.560245 -6.434860 -4.195045 -0.000000 -2.239815
5       0       0       M   0    1     3     0.000000 0.624234 +17.406014 +8.996947 -0.000000 +8.409067
6       0       0       M   0    3     1     0.000000 0.583390 +15.216521 -4.931048 -0.000000 +20.147570
7       0       0       M   0    1     1     0.000000 0.574541 +2.087613 +8.015327 +0.000000 -5.927714
8       0       0       M   0    2     0     0.000000 0.590197 +0.033435 +5.954612 +0.000000 -5.921176
9       0       0       M   0    2     2     0.000000 0.545950 +9.226512 +2.930397 +0.000000 +6.296115
10      0       0       M   0    1     1     0.000000 0.610619 -7.519035 -7.045877 -0.000000 -0.473158
11      0       0       M   0    2     2     0.000000 0.635126 +22.080528 +13.057973 -0.000000 +9.022555
12      0       0       M   0    1     1     0.000000 0.618108 -8.282523 -2.439076 -0.000000 -5.843448
13      0       0       M   0    3     1     0.000000 0.586113 +7.420082 +0.757011 +0.000000 +6.663070
14      0       0       M   0    2     2     0.000000 0.598366 +11.642966 +11.269861 +0.000000 +0.373105
15      0       0       M   0    3     1     0.000000 0.578625 +3.873948 +2.537144 -0.000000 +1.336804
16      0       0       M   0    2     0     0.000000 0.618788 +2.933900 -4.653358 -0.000000 +7.587258
17      0       0       M   0    1     3     0.000000 0.590878 +4.162285 +3.959699 -0.000000 +0.202586
18      0       0       M   0    1     1     0.000000 0.601770 -0.697285 +2.092014 +0.000000 -2.789299
19      0       0       M   0    1     1     0.000000 0.595643 -3.446299 +1.616199 +0.000000 -5.062498
20      0       0       M   0    1     3     0.000000 0.650783 +14.011956 +10.771680 +0.000000 +3.240276
21      0       0       F   0    1     1     0.000000 0.592920 +3.006670 +8.370740 +0.000000 -5.364069
22      0       0       F   0    2     0     0.000000 0.585432 +4.519925 +0.238608 -0.000000 +4.281317
23      0       0       F   0    0     2     0.000000 0.595643 +0.817653 +0.952976 -0.000000 -0.135324
24      0       0       F   0    1     1     0.000000 0.559564 -4.248336 +5.901277 -0.000000 -10.149613
25      0       0       F   0    1     1     0.000000 0.645337 -12.538024 -7.759784 -0.000000 -4.778241
26      0       0       F   0    1     1     0.000000 0.571137 -13.734299 -9.293311 +0.000000 -4.440988
27      0       0       F   0    1     1     0.000000 0.599728 +10.348373 +3.102438 +0.000000 +7.245936
28      0       0       F   0    2     0     0.000000 0.579986 -4.459316 +0.106016 -0.000000 -4.565332
29      0       0       F   0    1     1     0.000000 0.579986 -7.786732 -0.515427 +0.000000 -7.271305
30      0       0       F   0    1     0     0.000000 0.586794 -18.369223 -11.043695 +0.000000 -7.325527
31      0       0       F   0    1     1     0.000000 0.599047 -9.800221 -11.604024 -0.000000 +1.803803
32      0       0       F   0    2     0     0.000000 0.631042 +9.928935 -1.753471 -0.000000 +11.682406
33      0       0       F   0    1     1     0.000000 0.577944 -9.210455 -6.404228 -0.000000 -2.806227
34      0       0       F   0    2     0     0.000000 0.602451 +15.737983 +11.072653 -0.000000 +4.665330
35      0       0       F   0    2     0     0.000000 0.603131 +15.877888 -3.450846 +0.000000 +19.328734
36      0       0       F   0    1     1     0.000000 0.629680 +0.132837 -5.090369 +0.000000 +5.223206
37      0       0       F   0    2     0     0.000000 0.667120 +1.687514 +2.334298 +0.000000 -0.646785
38      0       0       F   0    1     1     0.000000 0.596324 -10.356795 -3.713521 +0.000000 -6.643274
39      0       0       F   0    2     0     0.000000 0.574541 +1.470104 +1.030230 -0.000000 +0.439874
40      0       0       F   0    0     2     0.000000 0.634445 +2.795199 +11.849254 -0.000000 -9.054055
41      0       0       F   0    0     2     0.000000 0.568414 +4.115873 +2.379249 -0.000000 +1.736625
42      0       0       F   0    0     2     0.000000 0.603812 +8.173173 -9.356064 -0.000000 +17.529237
43      0       0       F   0    0     2     0.000000 0.558203 +3.820752 -0.691826 +0.000000 +4.512578
44      0       0       F   0    2     0     0.000000 0.590878 +3.764458 +3.251185 +0.000000 +0.513273
45      0       0       F   0    1     1     0.000000 0.572498 -9.756866 -18.659527 +0.000000 +8.902661
46      0       0       F   0    1     1     0.000000 0.597686 +8.091433 +3.010255 -0.000000 +5.081177
47      0       0       F   0    1     1     0.000000 0.569775 -4.760211 +1.226131 -0.000000 -5.986341
48      0       0       F   0    1     0     0.000000 0.516678 -18.804669 -15.652379 +0.000000 -3.152290
49      0       0       F   0    2     0     0.000000 0.569095 -11.422195 -0.591111 +0.000000 -10.831083
50      0       0       F   0    1     1     0.000000 0.666440 +4.822440 +8.887090 -0.000000 -4.064650
51      0       0       F   0    1     1     0.000000 0.553438 -2.547226 -0.967060 +0.000000 -1.580166
52      0       0       F   0    0     1     0.000000 0.667120 -16.829784 -3.253973 -0.000000 -13.575811
53      0       0       F   0    0     2     0.000000 0.550715 +8.261933 +8.986088 +0.000000 -0.724155
54      0       0       F   0    0     2     0.000000 0.567052 -11.452768 -10.083908 +0.000000 -1.368859
55      0       0       F   0    0     2     0.000000 0.616065 -6.054002 -1.214365 -0.000000 -4.839637
56      0       0       F   0    0     1     0.000000 0.597686 -24.493030 -18.734601 +0.000000 -5.758429
57      0       0       F   0    1     1     0.000000 0.628319 +1.217987 +2.400497 -0.000000 -1.182510
58      0       0       F   0    1     1     0.000000 0.611300 +4.662425 +1.754937 -0.000000 +2.907489
59      0       0       F   0    1     1     0.000000 0.618108 +3.311942 -5.433663 +0.000000 +8.745605
60      0       0       F   0    1     1     0.000000 0.603812 -12.458422 -5.406257 -0.000000 -7.052165
61      20      56      F   1    0     0     0.000000 0.597005 +0.614322 +4.060711 +0.000000 -3.446389
62      20      36      M   1    0     0     0.000000 0.588836 +1.803127 +9.661852 +0.000000 -7.858724
63      13      38      F   1    0     0     0.000000 0.577944 -8.127200 -8.962239 +0.000000 +0.835040
64      13      30      M   1    2     0     0.000000 0.669843 +10.270486 +6.049814 +0.000000 +4.220671
65      2       55      F   1    0     0     0.000000 0.658271 +11.367214 +8.513902 +0.000000 +2.853312
66      2       26      M   1    2     0     0.000000 0.613342 +4.988823 +3.420993 +0.000000 +1.567830
67      17      25      F   1    0     0     0.000000 0.605854 -6.150838 +4.093028 +0.000000 -10.243866
68      17      24      F   1    0     0     0.000000 0.624915 -7.019423 +0.238913 +0.000000 -7.258336
69      11      39      M   1    0     0     0.000000 0.557522 -1.491215 -5.396877 +0.000000 +3.905662
70      11      51      F   1    0     1     0.000000 0.593601 +17.143279 +10.889698 +0.000000 +6.253581
71      12      53      F   1    0     0     0.000000 0.614023 -5.607630 -7.224082 +0.000000 +1.616452
72      12      22      M   1    0     0     0.000000 0.575902 +1.375443 +11.734725 +0.000000 -10.359282
73      6       42      F   1    0     1     0.000000 0.579306 +17.921132 -6.263880 +0.000000 +24.185012
74      6       49      M   1    0     0     0.000000 0.584071 -15.421216 -9.756515 +0.000000 -5.664702
75      7       59      F   1    0     0     0.000000 0.614023 +11.041829 +6.046928 +0.000000 +4.994902
76      7       57      M   1    1     1     0.000000 0.603812 +6.630900 +8.408095 +0.000000 -1.777195
77      10      40      F   1    0     0     0.000000 0.632403 -18.022598 -8.268299 +0.000000 -9.754299
78      10      45      M   1    0     0     0.000000 0.624915 -0.135518 -4.824182 +0.000000 +4.688665
79      15      32      M   1    0     2     0.000000 0.616746 +3.613313 +5.658960 +0.000000 -2.045647
80      15      44      M   1    0     0     0.000000 0.594963 +3.217739 -1.234316 +0.000000 +4.452055
81      18      37      M   1    0     0     0.000000 0.567733 -12.900979 -2.897889 +0.000000 -10.003090
82      18      43      F   1    0     0     0.000000 0.610619 -2.093254 +2.079235 +0.000000 -4.172489
83      8       33      M   1    0     0     0.000000 0.697754 -2.048472 -0.191307 +0.000000 -1.857165
84      8       29      M   1    0     0     0.000000 0.593601 -0.901033 +1.968626 +0.000000 -2.869660
85      1       28      M   1    1     1     0.000000 0.588155 +5.970259 -5.460565 +0.000000 +11.430823
86      1       54      F   1    0     1     0.000000 0.696392 +13.991608 +8.548566 +0.000000 +5.443042
87      9       47      M   1    1     1     0.000000 0.612662 +10.289964 +3.689482 +0.000000 +6.600482
88      9       52      F   1    0     0     0.000000 0.576583 -4.631300 +3.778996 +0.000000 -8.410296
89      19      23      F   1    1     0     0.000000 0.555480 +17.465290 +15.666801 +0.000000 +1.798489
90      19      21      M   1    0     0     0.000000 0.618108 -5.463963 -0.148372 +0.000000 -5.315591
91      3       41      F   1    0     0     0.000000 0.650102 -0.498747 -0.259599 +0.000000 -0.239148
92      3       27      M   1    1     1     0.000000 0.594282 +10.189200 +10.758042 +0.000000 -0.568842
93      5       46      F   1    0     0     0.000000 0.591559 +12.133553 +3.592565 +0.000000 +8.540988
94      5       35      M   1    0     0     0.000000 0.585432 +0.555317 -15.867367 +0.000000 +16.422684
95      4       60      F   1    0     0     0.000000 0.601770 -10.772075 -4.978581 +0.000000 -5.793494
96      4       50      M   1    1     1     0.000000 0.624234 +5.766893 +7.336903 +0.000000 -1.570010
97      14      31      M   1    0     0     0.000000 0.621511 -4.556953 -3.819329 +0.000000 -0.737624
98      14      58      M   1    0     0     0.000000 0.585432 -18.183541 -19.577167 +0.000000 +1.393626
99      16      34      M   1    0     2     0.000000 0.601089 +9.162961 +2.334166 +0.000000 +6.828795
100     16      48      M   1    0     2     0.000000 0.591559 +3.862676 -6.268233 +0.000000 +10.130909
101     9       21      F   2    0     0     0.000000 0.591559 +4.927041 +1.758975 +0.000000 +3.168066
102     9       24      M   2    0     0     0.000000 0.557522 +1.616494 +2.774144 +0.000000 -1.157650
103     20      57      F   2    0     0     0.000000 0.630361 -13.514012 -4.612038 +0.000000 -8.901974
104     20      29      F   2    0     0     0.000000 0.705922 -21.130622 -4.581985 +0.000000 -16.548637
105     76      28      M   2    0     0     0.000000 0.550034 -12.983946 -4.244301 +0.000000 -8.739645
106     76      42      F   2    0     0     0.000000 0.651464 -7.009297 -10.902882 +0.000000 +3.893585
107     5       53      F   2    0     0     0.000000 0.568414 +15.333760 +16.661967 +0.000000 -1.328207
108     5       70      F   2    0     0     0.000000 0.633084 +11.691211 +1.293656 +0.000000 +10.397555
109     1       41      F   2    0     0     0.000000 0.571137 +3.901001 -5.870752 +0.000000 +9.771753
110     1       43      F   2    0     0     0.000000 0.618788 -1.935193 -2.165280 +0.000000 +0.230087
111     79      55      F   2    0     0     0.000000 0.584071 +4.654351 +2.271082 +0.000000 +2.383270
112     79      26      F   2    0     0     0.000000 0.634445 +1.022982 +2.359442 +0.000000 -1.336459
113     15      25      M   2    0     0     0.000000 0.608577 +9.978281 +11.611264 +0.000000 -1.632983
114     15      33      F   2    0     0     0.000000 0.593601 -6.074927 -7.290756 +0.000000 +1.215829
115     17      89      M   2    0     0     0.000000 0.566372 +7.267233 +8.076484 +0.000000 -0.809251
116     17      73      F   2    0     0     0.000000 0.596324 +6.588113 -2.308377 +0.000000 +8.896490
117     64      22      M   2    0     0     0.000000 0.581348 -12.845637 -10.637735 +0.000000 -2.207901
118     64      38      M   2    0     0     0.000000 0.607216 -11.582960 -5.804159 +0.000000 -5.778801
119     99      54      F   2    0     0     0.000000 0.571818 +5.357107 -2.040712 +0.000000 +7.397819
120     99      45      F   2    0     0     0.000000 0.577944 -2.054312 -4.207254 +0.000000 +2.152943
121     100     27      F   2    0     0     0.000000 0.586794 +20.803624 +8.053212 +0.000000 +12.750412
122     100     58      F   2    0     0     0.000000 0.591559 -8.849373 -6.475102 +0.000000 -2.374271
123     85      46      M   2    0     0     0.000000 0.561607 +10.255832 -4.017083 +0.000000 +14.272915
124     85      86      F   2    0     0     0.125000 0.652825 +2.739512 -7.700220 +0.000000 +10.439732
125     87      47      F   2    0     0     0.250000 0.598366 -1.040756 -5.232811 +0.000000 +4.192055
126     87      32      M   2    0     0     0.000000 0.620830 +20.203882 +0.267824 +0.000000 +19.936058
127     6       51      M   2    0     0     0.000000 0.603812 +2.551163 +1.282687 +0.000000 +1.268476
128     6       37      M   2    0     0     0.000000 0.616746 -3.773510 -5.375800 +0.000000 +1.602291
129     11      39      M   2    0     0     0.000000 0.605174 +4.410973 +5.273249 +0.000000 -0.862277
130     11      31      F   2    0     0     0.000000 0.573860 -1.478645 -9.009737 +0.000000 +7.531091
131     66      60      M   2    0     0     0.000000 0.628319 +0.060941 +0.771815 +0.000000 -0.710874
132     66      34      M   2    0     0     0.000000 0.578625 +9.271942 +0.697034 +0.000000 +8.574907
133     92      40      F   2    0     0     0.000000 0.565691 -5.815100 -9.061453 +0.000000 +3.246353
134     92      44      M   2    0     0     0.000000 0.605854 +9.719431 +12.701374 +0.000000 -2.981943
135     13      59      M   2    0     0     0.000000 0.616065 +6.793663 -2.530085 +0.000000 +9.323748
136     13      49      M   2    0     0     0.000000 0.589517 -18.513668 -7.903468 +0.000000 -10.610200
137     14      50      F   2    0     0     0.000000 0.576583 +2.417415 +2.155072 +0.000000 +0.262343
138     14      36      F   2    0     0     0.000000 0.605174 +4.654952 -4.220968 +0.000000 +8.875920
139     96      35      M   2    0     0     0.000000 0.576583 +8.160501 -4.319070 +0.000000 +12.479571
140     96      23      F   2    0     0     0.000000 0.588836 -0.609407 +6.922902 +0.000000 -7.532309
