Progeny Sire    Dam     Sex  G   NMPrg NFPrg F        Homo     Phen      Res       Polygene  QTL      
1       0       0       M   0    2     2     0.000000 0.598806 +13.961927 +2.931707 +0.000000 +11.030220
2       0       0       M   0    0     2     0.000000 0.628647 -21.008194 -25.698537 -0.000000 +4.690343
3       0       0       M   0    2     2     0.000000 0.641910 +2.498161 +7.694436 +0.000000 -5.196275
4       0       0       M   0    2     0     0.000000 0.592838 -7.785996 -3.035050 +0.000000 -4.750946
5       0       0       M   0    1     3     0.000000 0.554377 +19.937969 +16.663457 -0.000000 +3.274512
6       0       0       M   0    1     1     0.000000 0.545756 -15.220345 -10.995716 +0.000000 -4.224629
7       0       0       M   0    2     2     0.000000 0.639257 +7.003839 +0.952443 -0.000000 +6.051396
8       0       0       M   0    0     2     0.000000 0.533156 -8.113020 -9.634711 +0.000000 +1.521691
9       0       0       M   0    1     1     0.000000 0.546419 -6.059378 -10.377479 -0.000000 +4.318101
10      0       0       M   0    2     0     0.000000 0.603448 -1.259118 +0.940951 +0.000000 -2.200069
11      0       0       M   0    2     0     0.000000 0.586207 -4.661627 +0.182837 -0.000000 -4.844465
12      0       0       M   0    1     1     0.000000 0.562997 -17.710338 -13.523582 +0.000000 -4.186756
13      0       0       M   0    2     2     0.000000 0.561671 +7.547410 +10.601430 +0.000000 -3.054019
14      0       0       M   0    2     0     0.000000 0.570955 -2.212414 -0.015961 +0.000000 -2.196452
15      0       0       M   0    1     1     0.000000 0.566313 -5.542576 -1.575546 -0.000000 -3.967029
16      0       0       M   0    4     0     0.000000 0.620027 +8.861673 +2.718084 -0.000000 +6.143588
17      0       0       M   0    2     2     0.000000 0.553050 +0.698457 -2.858021 -0.000000 +3.556478
18      0       0       M   0    1     3     0.000000 0.584218 +8.742500 +7.432211 +0.000000 +1.310289
19      0       0       M   0    1     3     0.000000 0.545756 +0.401520 +4.690657 +0.000000 -4.289137
20      0       0       M   0    2     2     0.000000 0.591512 +20.890418 +9.206243 -0.000000 +11.684176
21      0       0       F   0    1     1     0.000000 0.547745 +10.646676 +3.402756 +0.000000 +7.243920
22      0       0       F   0    0     1     0.000000 0.606101 -20.247047 -7.389904 -0.000000 -12.857143
23      0       0       F   0    1     1     0.000000 0.603448 +6.776647 +1.182520 -0.000000 +5.594127
24      0       0       F   0    0     2     0.000000 0.537135 +2.368637 +0.718486 -0.000000 +1.650151
25      0       0       F   0    0     2     0.000000 0.592175 -2.938622 +3.150455 +0.000000 -6.089077
26      0       0       F   0    0     2     0.000000 0.624005 -13.410084 +1.643362 +0.000000 -15.053446
27      0       0       F   0    1     1     0.000000 0.536472 +6.507092 -0.111887 +0.000000 +6.618979
28      0       0       F   0    1     1     0.000000 0.563660 -5.856832 +0.277903 +0.000000 -6.134735
29      0       0       F   0    2     0     0.000000 0.576260 -14.773293 -15.471854 +0.000000 +0.698561
30      0       0       F   0    1     1     0.000000 0.561671 +7.940098 +7.901898 -0.000000 +0.038200
31      0       0       F   0    1     1     0.000000 0.618700 -7.852611 -0.447436 +0.000000 -7.405175
32      0       0       F   0    0     2     0.000000 0.586207 -2.842429 -0.234069 -0.000000 -2.608360
33      0       0       F   0    1     1     0.000000 0.554377 +2.925428 +2.146881 -0.000000 +0.778548
34      0       0       F   0    2     0     0.000000 0.573607 -5.924992 -6.525086 +0.000000 +0.600094
35      0       0       F   0    1     1     0.000000 0.608753 +3.912633 +6.025564 +0.000000 -2.112932
36      0       0       F   0    2     0     0.000000 0.599469 +14.836960 +0.056820 +0.000000 +14.780141
37      0       0       F   0    2     0     0.000000 0.570955 +7.922555 -1.865136 +0.000000 +9.787691
38      0       0       F   0    1     1     0.000000 0.568302 -13.897134 -10.936690 -0.000000 -2.960445
39      0       0       F   0    0     2     0.000000 0.564324 +11.908716 +5.724358 +0.000000 +6.184357
40      0       0       F   0    1     1     0.000000 0.634615 -2.979855 +7.723201 -0.000000 -10.703056
41      0       0       F   0    1     1     0.000000 0.573607 -6.677338 -1.241241 -0.000000 -5.436097
42      0       0       F   0    1     1     0.000000 0.572944 +7.073748 -4.257290 +0.000000 +11.331038
43      0       0       F   0    1     1     0.000000 0.568966 +5.833288 +5.182559 -0.000000 +0.650729
44      0       0       F   0    2     0     0.000000 0.591512 -6.974051 -9.518178 -0.000000 +2.544127
45      0       0       F   0    2     0     0.000000 0.668435 +7.552982 +1.801121 -0.000000 +5.751860
46      0       0       F   0    2     0     0.000000 0.559682 -9.250598 -13.779297 -0.000000 +4.528700
47      0       0       F   0    1     1     0.000000 0.576260 +10.978092 +7.447989 +0.000000 +3.530102
48      0       0       F   0    2     0     0.000000 0.589523 +9.758770 +11.588168 -0.000000 -1.829398
49      0       0       F   0    0     2     0.000000 0.559019 -11.770458 -11.134740 -0.000000 -0.635718
50      0       0       F   0    2     0     0.000000 0.625995 +7.523208 +3.797216 +0.000000 +3.725992
51      0       0       F   0    2     0     0.000000 0.575597 -8.465436 -1.932418 +0.000000 -6.533018
52      0       0       F   0    1     1     0.000000 0.570292 +0.747122 +0.303673 -0.000000 +0.443450
53      0       0       F   0    1     1     0.000000 0.614721 -4.933729 -7.921803 -0.000000 +2.988074
54      0       0       F   0    0     1     0.000000 0.562334 -18.077048 -10.566625 -0.000000 -7.510423
55      0       0       F   0    2     0     0.000000 0.580239 +7.028978 +3.189387 -0.000000 +3.839591
56      0       0       F   0    0     1     0.000000 0.624005 -22.125160 -5.530579 -0.000000 -16.594581
57      0       0       F   0    1     0     0.000000 0.571618 -17.453306 -8.516292 +0.000000 -8.937014
58      0       0       F   0    1     1     0.000000 0.549072 +22.368012 +10.940011 -0.000000 +11.428002
59      0       0       F   0    2     0     0.000000 0.562334 +0.409170 -0.178837 +0.000000 +0.588008
60      0       0       F   0    2     0     0.000000 0.556366 -5.306958 -11.759039 -0.000000 +6.452081
61      12      22      F   1    0     0     0.000000 0.581565 -9.810910 -2.531752 +0.000000 -7.279158
62      12      34      M   1    0     0     0.000000 0.570955 -6.097445 +1.644441 +0.000000 -7.741886
63      14      36      M   1    1     1     0.000000 0.606101 +4.090815 -7.417626 +0.000000 +11.508441
64      14      30      M   1    2     0     0.000000 0.603448 +3.300256 +0.420486 +0.000000 +2.879770
65      19      32      F   1    0     0     0.000000 0.596817 -2.396505 -3.495856 +0.000000 +1.099351
66      19      42      F   1    0     0     0.000000 0.568966 -2.229250 -2.870986 +0.000000 +0.641736
67      10      58      M   1    0     2     0.000000 0.586870 +8.058586 -3.205590 +0.000000 +11.264175
68      10      27      M   1    2     0     0.000000 0.580902 +4.585754 +1.623979 +0.000000 +2.961775
69      9       21      F   1    0     0     0.000000 0.555703 +5.979707 +3.753635 +0.000000 +2.226071
70      9       37      M   1    2     0     0.000000 0.588196 +15.811663 +8.985320 +0.000000 +6.826343
71      7       45      M   1    2     0     0.000000 0.608753 +18.488648 +11.077748 +0.000000 +7.410899
72      7       31      F   1    0     1     0.000000 0.568302 +10.902606 +12.505286 +0.000000 -1.602680
73      16      41      M   1    0     0     0.000000 0.576260 -15.495264 -2.012245 +0.000000 -13.483018
74      16      48      M   1    0     0     0.000000 0.640584 +2.947640 -3.889020 +0.000000 +6.836660
75      8       53      F   1    0     0     0.000000 0.612069 +2.541240 +6.075036 +0.000000 -3.533796
76      8       23      F   1    0     0     0.000000 0.606101 +0.682591 -2.479058 +0.000000 +3.161649
77      17      24      F   1    1     0     0.000000 0.595491 +15.311017 +10.084141 +0.000000 +5.226875
78      17      50      M   1    2     0     0.000000 0.586870 +3.450344 -2.894132 +0.000000 +6.344476
79      3       39      F   1    0     0     0.000000 0.594164 +0.261154 -4.450442 +0.000000 +4.711596
80      3       35      F   1    0     0     0.000000 0.579576 -5.136453 -0.713057 +0.000000 -4.423396
81      5       44      M   1    0     0     0.000000 0.612732 -5.922273 +2.114724 +0.000000 -8.036996
82      5       54      F   1    0     0     0.000000 0.596154 -1.202497 -2.997949 +0.000000 +1.795452
83      11      59      M   1    0     0     0.000000 0.586870 -6.848553 +9.226340 +0.000000 -16.074893
84      11      47      M   1    1     1     0.000000 0.602785 +17.691757 +10.948540 +0.000000 +6.743217
85      13      43      F   1    0     0     0.000000 0.568302 -3.009224 +1.148167 +0.000000 -4.157390
86      13      60      M   1    0     0     0.000000 0.588859 -5.897900 -6.640297 +0.000000 +0.742397
87      2       26      F   1    0     0     0.000000 0.568302 -2.676496 -1.937738 +0.000000 -0.738759
88      2       52      F   1    0     1     0.000000 0.586207 +6.978381 +0.266639 +0.000000 +6.711742
89      20      28      F   1    0     0     0.000000 0.628647 +3.594721 +9.234868 +0.000000 -5.640148
90      20      56      F   1    0     0     0.000000 0.600133 -7.853274 -2.223450 +0.000000 -5.629824
91      6       29      M   1    0     0     0.000000 0.606101 +2.116709 +0.512163 +0.000000 +1.604546
92      6       38      F   1    0     0     0.000000 0.544430 +1.993735 +5.561733 +0.000000 -3.567998
93      1       33      F   1    1     0     0.000000 0.580239 +7.490247 +0.932925 +0.000000 +6.557321
94      1       55      M   1    1     1     0.000000 0.622016 +6.019944 -0.812823 +0.000000 +6.832768
95      15      57      M   1    2     0     0.000000 0.605438 +5.532760 +8.437607 +0.000000 -2.904847
96      15      25      F   1    0     0     0.000000 0.549072 -14.758637 -8.627202 +0.000000 -6.131435
97      4       46      M   1    0     0     0.000000 0.564324 -18.193622 -13.785383 +0.000000 -4.408239
98      4       51      M   1    0     0     0.000000 0.523210 -15.244265 -1.990429 +0.000000 -13.253836
99      18      40      F   1    0     0     0.000000 0.591512 -8.141774 +4.781569 +0.000000 -12.923344
100     18      49      F   1    0     0     0.000000 0.567639 -11.105988 -5.638469 +0.000000 -5.467519
101     94      43      M   2    0     0     0.000000 0.543103 +14.528482 +10.130281 +0.000000 +4.398202
102     94      58      F   2    0     0     0.000000 0.591512 -4.620685 -12.289926 +0.000000 +7.669242
103     13      50      M   2    0     0     0.000000 0.592175 +8.399792 +5.408446 +0.000000 +2.991346
104     13      72      F   2    0     0     0.000000 0.603448 -5.663578 -2.127976 +0.000000 -3.535603
105     78      23      M   2    0     0     0.000000 0.580239 +3.428042 -9.390728 +0.000000 +12.818770
106     78      35      M   2    0     0     0.000000 0.573607 +15.616339 +9.452116 +0.000000 +6.164223
107     19      42      M   2    0     0     0.000000 0.593501 +14.719447 +9.340894 +0.000000 +5.378553
108     19      39      F   2    0     0     0.000000 0.588196 +3.442190 +2.034370 +0.000000 +1.407820
109     18      26      F   2    0     0     0.000000 0.598806 -4.124194 +2.873074 +0.000000 -6.997267
110     18      38      M   2    0     0     0.000000 0.567639 -10.118509 -4.536100 +0.000000 -5.582410
111     71      52      M   2    0     0     0.000000 0.600796 +17.511490 +4.073373 +0.000000 +13.438117
112     71      37      M   2    0     0     0.000000 0.578912 +12.353799 -2.034135 +0.000000 +14.387934
113     64      21      M   2    0     0     0.000000 0.560345 -1.006236 -5.710074 +0.000000 +4.703838
114     64      55      M   2    0     0     0.000000 0.585544 +6.197672 +8.779485 +0.000000 -2.581813
115     95      44      M   2    0     0     0.000000 0.598806 +13.178676 +4.382855 +0.000000 +8.795822
116     95      28      M   2    0     0     0.000000 0.647215 +0.365369 +4.726411 +0.000000 -4.361043
117     68      45      M   2    0     0     0.000000 0.618037 +1.774199 -2.937537 +0.000000 +4.711737
118     68      51      M   2    0     0     0.000000 0.551061 +3.877577 -4.010644 +0.000000 +7.888222
119     63      30      F   2    0     0     0.000000 0.598143 -5.281173 -15.291073 +0.000000 +10.009900
120     63      53      M   2    0     0     0.000000 0.610080 +1.268232 -11.544849 +0.000000 +12.813081
121     20      60      M   2    0     0     0.000000 0.612069 +11.095079 +4.901071 +0.000000 +6.194008
122     20      77      M   2    0     0     0.000000 0.564324 +11.841632 +0.482187 +0.000000 +11.359444
123     17      88      F   2    0     0     0.000000 0.590186 -13.048935 -8.114919 +0.000000 -4.934016
124     17      59      M   2    0     0     0.000000 0.561671 +0.382191 -9.716267 +0.000000 +10.098458
125     70      29      M   2    0     0     0.000000 0.575597 +3.162728 +7.562412 +0.000000 -4.399683
126     70      36      M   2    0     0     0.000000 0.600133 +24.312590 +9.127242 +0.000000 +15.185348
127     7       32      F   2    0     0     0.000000 0.593501 +11.434392 +6.403465 +0.000000 +5.030927
128     7       33      M   2    0     0     0.000000 0.622016 +13.749437 +6.610000 +0.000000 +7.139437
129     5       41      F   2    0     0     0.000000 0.574271 -5.110624 -9.601439 +0.000000 +4.490815
130     5       27      F   2    0     0     0.000000 0.650531 +5.847631 +4.116519 +0.000000 +1.731113
131     3       46      M   2    0     0     0.000000 0.580902 -12.037851 -15.583026 +0.000000 +3.545175
132     3       34      M   2    0     0     0.000000 0.598806 -24.041344 -14.566100 +0.000000 -9.475244
133     84      31      M   2    0     0     0.000000 0.591512 +3.264562 +8.982414 +0.000000 -5.717852
134     84      49      F   2    0     0     0.000000 0.624005 -9.170492 -2.695498 +0.000000 -6.474994
135     1       48      M   2    0     0     0.000000 0.571618 +0.487170 +1.722339 +0.000000 -1.235169
136     1       24      F   2    0     0     0.000000 0.583554 -0.069233 -8.118377 +0.000000 +8.049144
137     67      25      F   2    0     0     0.000000 0.584218 -11.486518 -9.036205 +0.000000 -2.450313
138     67      47      F   2    0     0     0.000000 0.577586 +0.716418 -6.215988 +0.000000 +6.932406
139     16      40      M   2    0     0     0.000000 0.613395 +12.903415 +10.159774 +0.000000 +2.743641
140     16      93      M   2    0     0     0.000000 0.587533 -2.260095 -6.049012 +0.000000 +3.788917
