Progeny Sire    Dam     Sex  G   NMPrg NFPrg F        Homo     Phen      Res       Polygene  QTL      
1       0       0       M   0    0     2     0.000000 0.607387 -24.161017 -19.525085 -0.000000 -4.635932
2       0       0       M   0    1     3     0.000000 0.570451 -0.253440 +6.356077 -0.000000 -6.609518
3       0       0       M   0    1     3     0.000000 0.557456 +9.074028 +5.493700 -0.000000 +3.580329
4       0       0       M   0    0     2     0.000000 0.595759 -4.192894 +5.512778 +0.000000 -9.705673
5       0       0       M   0    3     1     0.000000 0.551300 +0.761726 +3.656742 -0.000000 -2.895016
6       0       0       M   0    0     2     0.000000 0.677155 -8.324399 -11.181384 +0.000000 +2.856985
7       0       0       M   0    1     1     0.000000 0.615595 -4.374814 +5.857939 -0.000000 -10.232753
8       0       0       M   0    1     1     0.000000 0.631327 -6.318449 +2.012815 +0.000000 -8.331264
9       0       0       M   0    1     1     0.000000 0.612859 -10.524120 -7.494149 -0.000000 -3.029971
10      0       0       M   0    2     2     0.000000 0.657319 +11.085545 -4.937265 -0.000000 +16.022810
11      0       0       M   0    2     0     0.000000 0.579343 -11.631438 -4.120672 +0.000000 -7.510766
12      0       0       M   0    2     2     0.000000 0.566347 +0.554380 +4.534205 -0.000000 -3.979825
13      0       0       M   0    1     3     0.000000 0.598495 +1.379810 +1.336825 -0.000000 +0.042985
14      0       0       M   0    2     2     0.000000 0.617647 +12.663330 +13.158704 -0.000000 -0.495374
15      0       0       M   0    1     1     0.000000 0.600547 -6.526508 -5.893203 -0.000000 -0.633305
16      0       0       M   0    1     3     0.000000 0.663475 +2.387514 -6.472756 -0.000000 +8.860270
17      0       0       M   0    0     4     0.000000 0.590287 +8.816521 +1.188737 +0.000000 +7.627784
18      0       0       M   0    3     1     0.000000 0.607387 +8.465908 +3.296752 -0.000000 +5.169155
19      0       0       M   0    0     2     0.000000 0.585499 -3.294868 -0.693704 -0.000000 -2.601164
20      0       0       M   0    2     0     0.000000 0.592339 -13.942593 -9.513585 -0.000000 -4.429008
21      0       0       F   0    0     2     0.000000 0.616963 -10.474651 +2.544303 -0.000000 -13.018954
22      0       0       F   0    2     0     0.000000 0.577291 +12.343721 +4.262694 +0.000000 +8.081027
23      0       0       F   0    2     0     0.000000 0.648427 +0.387703 +2.001553 +0.000000 -1.613850
24      0       0       F   0    1     1     0.000000 0.614227 -1.633701 +7.995721 +0.000000 -9.629422
25      0       0       F   0    1     1     0.000000 0.569083 -3.304098 -0.491634 +0.000000 -2.812465
26      0       0       F   0    1     1     0.000000 0.630643 -3.039277 -6.852017 +0.000000 +3.812740
27      0       0       F   0    0     1     0.000000 0.567715 -13.932673 -6.609179 -0.000000 -7.323494
28      0       0       F   0    1     1     0.000000 0.605335 -7.970515 -3.055728 -0.000000 -4.914787
29      0       0       F   0    1     1     0.000000 0.645691 +2.116958 -8.557666 +0.000000 +10.674624
30      0       0       F   0    1     1     0.000000 0.579343 +11.838070 +2.263383 -0.000000 +9.574687
31      0       0       F   0    2     0     0.000000 0.574555 +11.177218 +1.492217 +0.000000 +9.685001
32      0       0       F   0    1     1     0.000000 0.588235 -1.470368 -6.112848 -0.000000 +4.642480
33      0       0       F   0    1     1     0.000000 0.590971 +4.609789 +12.119176 -0.000000 -7.509387
34      0       0       F   0    1     1     0.000000 0.599179 -12.238769 -17.690650 +0.000000 +5.451881
35      0       0       F   0    0     2     0.000000 0.603967 -7.174718 -8.770939 -0.000000 +1.596221
36      0       0       F   0    1     1     0.000000 0.607387 +10.428150 +12.487016 +0.000000 -2.058866
37      0       0       F   0    0     2     0.000000 0.603967 +4.768411 +1.954444 +0.000000 +2.813966
38      0       0       F   0    0     2     0.000000 0.585499 +3.314819 +3.451800 +0.000000 -0.136981
39      0       0       F   0    1     1     0.000000 0.618331 +0.293480 -5.634864 +0.000000 +5.928344
40      0       0       F   0    1     1     0.000000 0.587551 -2.581936 -3.111816 +0.000000 +0.529880
41      0       0       F   0    1     1     0.000000 0.615595 +2.139313 +4.188513 -0.000000 -2.049200
42      0       0       F   0    0     2     0.000000 0.634747 +2.314473 -1.535749 -0.000000 +3.850222
43      0       0       F   0    2     0     0.000000 0.575239 +10.028622 +10.997578 -0.000000 -0.968957
44      0       0       F   0    1     1     0.000000 0.667579 +0.354452 -2.555784 +0.000000 +2.910236
45      0       0       F   0    0     1     0.000000 0.634747 -13.503646 -3.910595 +0.000000 -9.593050
46      0       0       F   0    2     0     0.000000 0.624487 +15.218612 +20.484959 -0.000000 -5.266347
47      0       0       F   0    0     2     0.000000 0.589603 +1.106047 +10.699489 +0.000000 -9.593442
48      0       0       F   0    0     1     0.000000 0.596443 -21.179061 -4.757574 -0.000000 -16.421487
49      0       0       F   0    2     0     0.000000 0.580711 +0.917218 +1.567076 +0.000000 -0.649858
50      0       0       F   0    2     0     0.000000 0.593707 -7.802422 -5.122883 +0.000000 -2.679539
51      0       0       F   0    0     2     0.000000 0.557456 +7.207450 -0.467361 +0.000000 +7.674811
52      0       0       F   0    0     1     0.000000 0.616963 -14.205505 -7.750252 -0.000000 -6.455253
53      0       0       F   0    2     0     0.000000 0.601231 -1.274872 -0.477099 -0.000000 -0.797773
54      0       0       F   0    1     1     0.000000 0.670315 +8.983762 +10.796454 +0.000000 -1.812692
55      0       0       F   0    0     2     0.000000 0.562927 -11.315415 -5.676781 +0.000000 -5.638634
56      0       0       F   0    0     2     0.000000 0.558824 +0.207314 +6.263163 -0.000000 -6.055849
57      0       0       F   0    1     1     0.000000 0.664843 +17.800388 +7.448020 +0.000000 +10.352367
58      0       0       F   0    0     2     0.000000 0.588919 -0.207634 +4.156632 -0.000000 -4.364266
59      0       0       F   0    1     1     0.000000 0.596443 +11.935516 +8.461302 -0.000000 +3.474214
60      0       0       F   0    2     0     0.000000 0.553352 +0.559438 +4.118948 -0.000000 -3.559510
61      7       42      F   1    0     0     0.000000 0.641587 -13.789989 -8.771368 +0.000000 -5.018621
62      7       44      M   1    1     1     0.000000 0.642271 -4.807698 +6.376113 +0.000000 -11.183810
63      5       43      M   1    1     1     0.000000 0.642955 +2.873249 +7.152068 +0.000000 -4.278819
64      5       22      M   1    0     0     0.000000 0.572503 -7.681878 -13.314506 +0.000000 +5.632628
65      19      38      F   1    1     0     0.000000 0.633379 +14.498565 +9.397470 +0.000000 +5.101095
66      19      24      F   1    0     0     0.000000 0.593023 -0.003802 +0.582061 +0.000000 -0.585863
67      14      41      F   1    0     0     0.000000 0.588919 -4.809823 -3.807372 +0.000000 -1.002451
68      14      33      M   1    2     0     0.000000 0.571135 -4.516566 -6.032343 +0.000000 +1.515777
69      18      25      F   1    0     0     0.000000 0.588919 +7.440672 -0.918482 +0.000000 +8.359154
70      18      23      M   1    0     0     0.000000 0.590971 -12.745512 -7.534881 +0.000000 -5.210632
71      20      31      M   1    1     1     0.000000 0.599863 +1.647472 -4.673991 +0.000000 +6.321463
72      20      39      M   1    1     1     0.000000 0.637483 -2.994003 -6.630373 +0.000000 +3.636370
73      8       52      F   1    0     0     0.000000 0.561560 -11.319215 -11.581941 +0.000000 +0.262726
74      8       60      M   1    0     0     0.000000 0.612859 -10.287390 -3.307853 +0.000000 -6.979537
75      16      36      F   1    0     0     0.000000 0.614227 +0.711196 -4.146909 +0.000000 +4.858105
76      16      30      F   1    0     1     0.000000 0.575923 +11.585463 +5.402775 +0.000000 +6.182688
77      1       51      F   1    0     0     0.000000 0.619699 -13.443429 -10.266025 +0.000000 -3.177404
78      1       27      F   1    0     1     0.000000 0.625171 +11.565982 +10.656788 +0.000000 +0.909194
79      4       58      F   1    0     0     0.000000 0.572503 +5.547521 +11.804626 +0.000000 -6.257105
80      4       28      F   1    0     0     0.000000 0.583447 -9.580868 -3.298582 +0.000000 -6.282286
81      17      55      F   1    0     0     0.000000 0.565663 -8.761072 -4.466010 +0.000000 -4.295062
82      17      21      F   1    0     0     0.000000 0.560876 -1.312279 +1.398930 +0.000000 -2.711209
83      15      48      F   1    0     0     0.000000 0.595759 -22.781160 -8.039198 +0.000000 -14.741962
84      15      50      M   1    1     1     0.000000 0.583447 +7.309938 +12.108371 +0.000000 -4.798433
85      9       54      F   1    0     0     0.000000 0.578659 -7.081226 +2.448445 +0.000000 -9.529671
86      9       59      M   1    2     0     0.000000 0.677839 -3.899277 -3.005027 +0.000000 -0.894249
87      11      46      M   1    1     1     0.000000 0.608071 +10.062211 +10.122149 +0.000000 -0.059938
88      11      34      M   1    0     0     0.000000 0.608071 -9.746794 -5.317107 +0.000000 -4.429687
89      6       26      F   1    0     0     0.000000 0.640903 -4.604340 -7.589139 +0.000000 +2.984799
90      6       35      F   1    0     0     0.000000 0.567715 +0.114630 -8.398662 +0.000000 +8.513291
91      3       57      F   1    0     0     0.000000 0.545828 +8.519046 -7.285203 +0.000000 +15.804249
92      3       37      F   1    0     0     0.000000 0.558824 +3.863039 +6.316369 +0.000000 -2.453330
93      2       56      F   1    0     0     0.000000 0.574555 -11.467573 -0.939572 +0.000000 -10.528001
94      2       49      M   1    0     0     0.000000 0.575923 -19.015321 -16.629964 +0.000000 -2.385356
95      13      45      F   1    0     0     0.000000 0.551300 +0.323898 +3.860451 +0.000000 -3.536553
96      13      29      F   1    1     0     0.000000 0.534884 +22.548576 +10.057463 +0.000000 +12.491113
97      12      47      F   1    0     0     0.000000 0.613543 -6.452692 -5.273572 +0.000000 -1.179120
98      12      32      F   1    0     0     0.000000 0.655951 -5.379292 +2.379622 +0.000000 -7.758914
99      10      53      M   1    1     1     0.000000 0.592339 +0.688639 -9.230106 +0.000000 +9.918745
100     10      40      M   1    2     0     0.000000 0.612175 +2.993117 -6.141788 +0.000000 +9.134905
101     16      59      F   2    0     0     0.000000 0.591655 +15.945992 +7.040175 +0.000000 +8.905817
102     16      25      M   2    0     0     0.000000 0.623119 +9.865496 +8.741146 +0.000000 +1.124350
103     10      21      F   2    0     0     0.000000 0.614227 -2.799770 -2.237165 +0.000000 -0.562605
104     10      33      F   2    0     0     0.000000 0.659371 +6.456199 +4.219592 +0.000000 +2.236606
105     86      26      M   2    0     0     0.000000 0.541040 -3.751333 -0.362402 +0.000000 -3.388931
106     86      49      M   2    0     0     0.000000 0.577975 -3.949609 -3.842772 +0.000000 -0.106837
107     12      50      M   2    0     0     0.000000 0.574555 -19.271117 -14.178950 +0.000000 -5.092167
108     12      41      M   2    0     0     0.000000 0.586183 +7.224327 +3.666389 +0.000000 +3.557939
109     13      96      M   2    0     0     0.250000 0.732558 +6.713141 -3.644299 +0.000000 +10.357440
110     13      58      F   2    0     0     0.000000 0.574555 +1.044966 +4.398845 +0.000000 -3.353879
111     63      60      M   2    0     0     0.000000 0.616963 -15.664207 -13.752008 +0.000000 -1.912198
112     63      44      F   2    0     0     0.000000 0.612859 +4.556398 +8.863937 +0.000000 -4.307539
113     17      55      F   2    0     0     0.000000 0.553352 +3.590174 +3.183107 +0.000000 +0.407067
114     17      39      F   2    0     0     0.000000 0.564979 +8.334763 +1.266858 +0.000000 +7.067905
115     99      23      M   2    0     0     0.000000 0.588235 +6.468745 +1.229964 +0.000000 +5.238781
116     99      76      F   2    0     0     0.000000 0.573871 -4.635484 -5.659607 +0.000000 +1.024123
117     5       40      F   2    0     0     0.000000 0.556772 +5.086460 +2.104791 +0.000000 +2.981670
118     5       24      M   2    0     0     0.000000 0.571135 +4.114875 +9.735035 +0.000000 -5.620160
119     3       65      M   2    0     0     0.000000 0.623119 -3.202844 +0.417036 +0.000000 -3.619880
120     3       42      F   2    0     0     0.000000 0.599179 +15.913580 +13.036328 +0.000000 +2.877252
121     62      56      F   2    0     0     0.000000 0.574555 -1.791756 +6.938134 +0.000000 -8.729889
122     62      54      M   2    0     0     0.000000 0.580027 -5.059317 -0.198641 +0.000000 -4.860676
123     84      53      M   2    0     0     0.000000 0.629275 -2.731012 -0.969031 +0.000000 -1.761980
124     84      47      F   2    0     0     0.000000 0.573187 -5.099511 +2.764486 +0.000000 -7.863997
125     100     31      M   2    0     0     0.000000 0.610123 +15.120144 +1.626042 +0.000000 +13.494102
126     100     32      M   2    0     0     0.000000 0.588919 +6.750745 -6.687362 +0.000000 +13.438107
127     68      22      M   2    0     0     0.000000 0.636115 +7.426670 +4.736829 +0.000000 +2.689842
128     68      30      M   2    0     0     0.000000 0.569083 +18.472061 +8.715765 +0.000000 +9.756296
129     18      29      M   2    0     0     0.000000 0.603967 +17.776795 +8.605013 +0.000000 +9.171781
130     18      57      M   2    0     0     0.000000 0.546512 +10.953040 +0.339085 +0.000000 +10.613955
131     14      43      M   2    0     0     0.000000 0.585499 +12.341133 +9.846372 +0.000000 +2.494761
132     14      37      F   2    0     0     0.000000 0.615595 -0.852134 -2.823282 +0.000000 +1.971148
133     72      28      M   2    0     0     0.000000 0.612859 -5.105826 +0.261955 +0.000000 -5.367781
134     72      51      F   2    0     0     0.000000 0.600547 -6.037317 -1.490923 +0.000000 -4.546395
135     87      46      M   2    0     0     0.250000 0.655267 +14.747426 +16.716769 +0.000000 -1.969342
136     87      38      F   2    0     0     0.000000 0.607387 +8.229119 +13.228812 +0.000000 -4.999692
137     71      78      F   2    0     0     0.000000 0.627907 +14.112489 +6.524295 +0.000000 +7.588193
138     71      36      M   2    0     0     0.000000 0.600547 +1.804478 +9.382914 +0.000000 -7.578436
139     2       34      F   2    0     0     0.000000 0.595075 +5.823330 -1.765715 +0.000000 +7.589046
140     2       35      F   2    0     0     0.000000 0.593023 +6.702021 +7.435507 +0.000000 -0.733486
