Progeny Sire    Dam     Sex  G   NMPrg NFPrg F        Homo     Phen      Res       Polygene  QTL      
1       0       0       M   0    2     0     0.000000 0.554442 -2.189370 +4.218911 -0.000000 -6.408281
2       0       0       M   0    4     0     0.000000 0.575818 -1.765090 -7.150814 +0.000000 +5.385724
3       0       0       M   0    0     4     0.000000 0.572478 +13.364354 +10.742007 +0.000000 +2.622348
4       0       0       M   0    1     1     0.000000 0.611890 -6.547368 -4.138656 +0.000000 -2.408711
5       0       0       M   0    0     2     0.000000 0.663995 -15.069829 -1.570915 +0.000000 -13.498913
6       0       0       M   0    0     2     0.000000 0.575818 -11.700208 -6.058438 -0.000000 -5.641770
7       0       0       M   0    2     2     0.000000 0.609886 +2.989357 +0.912471 +0.000000 +2.076885
8       0       0       M   0    1     3     0.000000 0.587842 +25.445983 +16.014232 +0.000000 +9.431751
9       0       0       M   0    0     2     0.000000 0.554442 -19.690419 -5.997267 -0.000000 -13.693152
10      0       0       M   0    1     1     0.000000 0.590514 -8.826725 +2.603054 -0.000000 -11.429778
11      0       0       M   0    2     0     0.000000 0.581830 -1.961669 +6.915004 -0.000000 -8.876673
12      0       0       M   0    1     1     0.000000 0.585170 -11.848874 -11.040912 -0.000000 -0.807962
13      0       0       M   0    1     1     0.000000 0.611890 -28.120868 -13.905693 -0.000000 -14.215174
14      0       0       M   0    2     2     0.000000 0.564462 +12.185777 +3.958907 +0.000000 +8.226869
15      0       0       M   0    2     2     0.000000 0.616566 +0.388258 +2.410787 +0.000000 -2.022529
16      0       0       M   0    0     4     0.000000 0.628591 -0.616542 +1.888955 -0.000000 -2.505496
17      0       0       M   0    2     0     0.000000 0.617902 -12.755156 -5.825269 -0.000000 -6.929886
18      0       0       M   0    4     0     0.000000 0.592518 +2.276531 +6.382509 +0.000000 -4.105978
19      0       0       M   0    0     4     0.000000 0.546426 +9.031098 +1.179674 +0.000000 +7.851424
20      0       0       M   0    0     4     0.000000 0.551770 +1.613384 -1.518242 -0.000000 +3.131627
21      0       0       F   0    1     1     0.000000 0.577154 -6.762846 -4.182715 +0.000000 -2.580131
22      0       0       F   0    1     1     0.000000 0.537742 -10.087938 -1.660389 -0.000000 -8.427549
23      0       0       F   0    0     2     0.000000 0.567134 +10.237875 +2.225267 -0.000000 +8.012609
24      0       0       F   0    1     1     0.000000 0.590514 -6.488191 +1.058826 +0.000000 -7.547017
25      0       0       F   0    0     1     0.000000 0.575818 -11.528289 -13.555722 -0.000000 +2.027433
26      0       0       F   0    0     2     0.000000 0.556446 +7.697151 -7.158682 +0.000000 +14.855833
27      0       0       F   0    1     1     0.000000 0.591182 +1.812787 +2.293101 +0.000000 -0.480315
28      0       0       F   0    0     2     0.000000 0.578490 +4.850784 +3.236971 -0.000000 +1.613814
29      0       0       F   0    0     2     0.000000 0.561790 +0.420801 -4.999118 +0.000000 +5.419919
30      0       0       F   0    1     1     0.000000 0.552438 +0.805728 +1.028522 -0.000000 -0.222794
31      0       0       F   0    0     2     0.000000 0.605210 +4.024219 +5.267092 -0.000000 -1.242873
32      0       0       F   0    0     2     0.000000 0.569138 +2.041200 -0.684387 +0.000000 +2.725587
33      0       0       F   0    1     0     0.000000 0.625251 -11.349160 -10.448749 -0.000000 -0.900411
34      0       0       F   0    1     1     0.000000 0.570474 +3.988866 -0.112022 -0.000000 +4.100887
35      0       0       F   0    1     1     0.000000 0.609218 +28.821278 +14.832532 +0.000000 +13.988746
36      0       0       F   0    1     1     0.000000 0.559786 +25.485580 +18.209296 +0.000000 +7.276284
37      0       0       F   0    1     1     0.000000 0.661991 +19.220958 +10.751224 +0.000000 +8.469734
38      0       0       F   0    0     2     0.000000 0.624582 -1.023233 +2.412725 +0.000000 -3.435957
39      0       0       F   0    0     2     0.000000 0.589178 +11.205841 -0.719116 +0.000000 +11.924956
40      0       0       F   0    0     2     0.000000 0.618570 +7.079760 -0.854303 -0.000000 +7.934063
41      0       0       F   0    2     0     0.000000 0.585838 -5.412330 -5.313032 -0.000000 -0.099298
42      0       0       F   0    1     0     0.000000 0.627255 -22.707376 -4.325352 -0.000000 -18.382024
43      0       0       F   0    1     0     0.000000 0.672679 -21.845446 -17.895455 -0.000000 -3.949991
44      0       0       F   0    2     0     0.000000 0.603874 -8.765261 -0.074178 -0.000000 -8.691083
45      0       0       F   0    0     2     0.000000 0.564462 -3.951126 -3.914339 -0.000000 -0.036787
46      0       0       F   0    1     1     0.000000 0.643955 +17.680682 +4.834553 -0.000000 +12.846130
47      0       0       F   0    1     1     0.000000 0.576486 -6.780185 -3.734926 +0.000000 -3.045259
48      0       0       F   0    0     2     0.000000 0.536406 +8.637691 +9.740784 +0.000000 -1.103092
49      0       0       F   0    2     0     0.000000 0.574482 -4.924533 +1.491679 -0.000000 -6.416212
50      0       0       F   0    1     1     0.000000 0.586506 +18.316924 +0.445259 +0.000000 +17.871664
51      0       0       F   0    2     0     0.000000 0.560454 -4.811096 -7.468944 -0.000000 +2.657848
52      0       0       F   0    1     1     0.000000 0.594522 +8.337130 +5.674755 -0.000000 +2.662375
53      0       0       F   0    1     1     0.000000 0.587842 +4.475777 +1.768590 -0.000000 +2.707188
54      0       0       F   0    1     1     0.000000 0.523046 +10.229749 +6.770000 -0.000000 +3.459749
55      0       0       F   0    1     1     0.000000 0.590514 +23.108358 +5.532890 -0.000000 +17.575468
56      0       0       F   0    1     1     0.000000 0.543086 +19.374175 +19.033574 -0.000000 +0.340602
57      0       0       F   0    1     1     0.000000 0.589846 +9.179216 +7.512149 -0.000000 +1.667066
58      0       0       F   0    0     2     0.000000 0.562458 +5.864976 +2.640923 +0.000000 +3.224052
59      0       0       F   0    1     1     0.000000 0.595858 +1.462373 -1.165312 -0.000000 +2.627684
60      0       0       F   0    1     1     0.000000 0.651303 +1.156876 -8.534117 +0.000000 +9.690992
61      4       24      F   1    0     0     0.000000 0.527722 +2.418473 +7.535340 +0.000000 -5.116867
62      4       34      M   1    1     1     0.000000 0.591182 +3.339676 +3.377986 +0.000000 -0.038309
63      13      27      M   1    0     0     0.000000 0.579826 -6.434799 +2.786017 +0.000000 -9.220817
64      13      40      F   1    0     0     0.000000 0.566466 +1.209880 +11.004623 +0.000000 -9.794743
65      19      32      F   1    0     0     0.000000 0.581830 -16.823677 -10.900699 +0.000000 -5.922978
66      19      50      F   1    0     0     0.000000 0.597194 +7.072865 -6.394335 +0.000000 +13.467200
67      10      43      M   1    0     0     0.000000 0.628591 -10.553276 -8.748634 +0.000000 -1.804643
68      10      53      F   1    0     0     0.000000 0.584502 -6.847962 +1.561314 +0.000000 -8.409276
69      15      60      F   1    1     0     0.000000 0.581162 +7.760929 -1.143593 +0.000000 +8.904523
70      15      33      M   1    0     0     0.000000 0.654643 -3.230012 +0.448033 +0.000000 -3.678045
71      7       35      F   1    1     0     0.000000 0.579158 +9.784126 +4.107651 +0.000000 +5.676475
72      7       46      F   1    0     0     0.000000 0.585838 +3.470006 +8.461019 +0.000000 -4.991013
73      17      21      M   1    0     0     0.000000 0.567802 -10.033899 -1.389577 +0.000000 -8.644322
74      17      56      M   1    0     2     0.000000 0.597862 +12.202430 +4.863435 +0.000000 +7.338996
75      5       47      F   1    0     0     0.000000 0.571142 -14.173335 -2.817491 +0.000000 -11.355844
76      5       29      F   1    0     0     0.000000 0.573146 -2.974420 -3.155796 +0.000000 +0.181375
77      9       45      F   1    0     0     0.000000 0.669339 -13.490474 -7.188522 +0.000000 -6.301951
78      9       48      F   1    0     1     0.000000 0.611222 +7.431029 +16.565604 +0.000000 -9.134575
79      8       36      F   1    0     0     0.000000 0.608550 -3.173874 -5.810799 +0.000000 +2.636925
80      8       42      M   1    2     0     0.000000 0.613226 +0.802950 -3.625488 +0.000000 +4.428438
81      14      59      M   1    1     1     0.000000 0.550434 +0.171059 -3.660444 +0.000000 +3.831504
82      14      52      M   1    0     2     0.000000 0.593854 +3.486003 +2.292572 +0.000000 +1.193431
83      16      58      F   1    0     0     0.000000 0.559118 +6.299693 +5.260940 +0.000000 +1.038753
84      16      25      F   1    0     0     0.000000 0.653975 -3.847719 -0.257790 +0.000000 -3.589929
85      2       54      M   1    1     1     0.000000 0.555110 -1.569400 -1.532045 +0.000000 -0.037355
86      2       49      M   1    0     0     0.000000 0.537074 -11.582280 -10.575285 +0.000000 -1.006996
87      20      26      F   1    0     1     0.000000 0.629259 +10.402407 +2.032391 +0.000000 +8.370016
88      20      38      F   1    0     0     0.000000 0.559786 +6.394739 +12.201894 +0.000000 -5.807155
89      18      41      M   1    1     1     0.000000 0.595858 +5.738088 +1.573220 +0.000000 +4.164868
90      18      22      M   1    0     2     0.000000 0.582498 +4.145731 +8.727410 +0.000000 -4.581680
91      1       30      M   1    0     0     0.000000 0.572478 -10.544395 -6.922716 +0.000000 -3.621678
92      1       55      M   1    2     0     0.000000 0.575818 +2.532175 -7.590117 +0.000000 +10.122293
93      3       23      F   1    0     0     0.000000 0.602538 +7.152731 +6.774874 +0.000000 +0.377856
94      3       28      F   1    0     0     0.000000 0.574482 +0.206975 +5.499953 +0.000000 -5.292978
95      11      51      M   1    0     0     0.000000 0.617902 -4.797243 +4.538648 +0.000000 -9.335891
96      11      44      M   1    0     0     0.000000 0.587174 -30.920635 -14.072512 +0.000000 -16.848123
97      6       39      F   1    0     0     0.000000 0.592518 -3.855174 -8.020077 +0.000000 +4.164903
98      6       57      F   1    0     0     0.000000 0.599866 -6.977201 -10.668856 +0.000000 +3.691655
99      12      31      F   1    0     0     0.000000 0.561790 -5.733505 +3.310133 +0.000000 -9.043638
100     12      37      M   1    0     2     0.000000 0.609218 +1.318859 -2.815695 +0.000000 +4.134554
101     15      35      M   2    0     0     0.000000 0.599198 -9.082736 -13.886566 +0.000000 +4.803831
102     15      34      F   2    0     0     0.000000 0.587174 +12.679115 +8.354562 +0.000000 +4.324554
103     7       47      M   2    0     0     0.000000 0.621910 +0.027408 +7.292296 +0.000000 -7.264888
104     7       69      M   2    0     0     0.000000 0.573814 +13.626087 +2.378356 +0.000000 +11.247731
105     81      50      M   2    0     0     0.000000 0.584502 -9.203196 -10.066456 +0.000000 +0.863260
106     81      30      F   2    0     0     0.000000 0.593186 +0.918969 -0.521770 +0.000000 +1.440739
107     74      23      F   2    0     0     0.000000 0.553106 +15.220323 -1.942252 +0.000000 +17.162576
108     74      21      F   2    0     0     0.000000 0.557782 +1.010616 +4.807843 +0.000000 -3.797226
109     89      60      M   2    0     0     0.000000 0.614562 +8.735706 -1.727959 +0.000000 +10.463665
110     89      52      F   2    0     0     0.000000 0.574482 -5.964625 +1.336187 +0.000000 -7.300811
111     2       24      M   2    0     0     0.000000 0.614562 +10.237531 +4.757066 +0.000000 +5.480464
112     2       41      M   2    0     0     0.000000 0.609886 -8.062140 -10.547520 +0.000000 +2.485381
113     82      48      F   2    0     0     0.000000 0.580494 +10.299087 +6.362308 +0.000000 +3.936780
114     82      54      F   2    0     0     0.000000 0.565130 +0.760434 -5.596079 +0.000000 +6.356513
115     16      29      F   2    0     0     0.000000 0.565130 +7.064631 +6.040447 +0.000000 +1.024184
116     16      39      F   2    0     0     0.000000 0.591850 -4.816392 -4.941152 +0.000000 +0.124760
117     20      45      F   2    0     0     0.000000 0.589178 +1.020336 +0.233973 +0.000000 +0.786363
118     20      22      F   2    0     0     0.000000 0.574482 +9.842373 +12.154998 +0.000000 -2.312626
119     100     31      F   2    0     0     0.000000 0.581830 +1.152187 +0.748864 +0.000000 +0.403323
120     100     27      F   2    0     0     0.000000 0.607214 +1.809876 +1.370300 +0.000000 +0.439576
121     80      46      M   2    0     0     0.000000 0.636607 +17.286001 +8.283869 +0.000000 +9.002132
122     80      44      M   2    0     0     0.000000 0.550434 +1.139780 +4.264504 +0.000000 -3.124723
123     14      32      F   2    0     0     0.000000 0.601870 -7.505403 -1.348768 +0.000000 -6.156636
124     14      58      F   2    0     0     0.000000 0.568470 +24.933224 +14.885931 +0.000000 +10.047293
125     8       38      F   2    0     0     0.000000 0.591850 -2.146341 +6.004483 +0.000000 -8.150824
126     8       40      F   2    0     0     0.000000 0.535070 +9.351536 -0.174716 +0.000000 +9.526252
127     3       59      F   2    0     0     0.000000 0.559786 +4.598985 +3.431497 +0.000000 +1.167488
128     3       87      F   2    0     0     0.000000 0.596526 +12.219933 +2.134608 +0.000000 +10.085324
129     18      53      M   2    0     0     0.000000 0.554442 -9.787933 -4.522876 +0.000000 -5.265057
130     18      57      M   2    0     0     0.000000 0.568470 +2.331749 +8.749752 +0.000000 -6.418003
131     19      37      F   2    0     0     0.000000 0.602538 +13.603575 +4.040868 +0.000000 +9.562707
132     19      55      F   2    0     0     0.000000 0.599866 +15.614176 +4.475151 +0.000000 +11.139025
133     92      51      M   2    0     0     0.000000 0.567802 +11.346549 -7.237558 +0.000000 +18.584107
134     92      71      M   2    0     0     0.000000 0.574482 +1.160381 -3.136243 +0.000000 +4.296624
135     90      56      F   2    0     0     0.000000 0.553106 -6.331548 +4.569461 +0.000000 -10.901009
136     90      26      F   2    0     0     0.000000 0.555110 -1.463091 +0.434235 +0.000000 -1.897326
137     85      28      F   2    0     0     0.000000 0.579158 +15.981209 +11.373962 +0.000000 +4.607247
138     85      49      M   2    0     0     0.000000 0.593854 -15.341965 -3.358312 +0.000000 -11.983653
139     62      78      F   2    0     0     0.000000 0.563126 -8.580675 -6.572096 +0.000000 -2.008579
140     62      36      M   2    0     0     0.000000 0.580494 -1.508862 -5.142927 +0.000000 +3.634065
