1 30
1 59
1 105
1 120
2 48
2 101
2 103
2 121
2 135
2 142
2 163
2 190
2 198
2 281
2 293
3 33
3 66
3 93
3 108
3 112
3 132
3 144
3 170
3 259
3 270
4 33
4 95
4 96
4 122
4 167
4 176
4 193
4 270
5 45
5 55
5 82
5 97
5 282
6 21
6 88
6 92
6 101
6 143
6 144
6 169
6 190
6 211
6 237
6 276
7 13
7 17
7 55
7 70
7 71
7 84
7 88
7 152
7 161
7 187
7 190
7 216
7 218
7 240
7 300
8 13
8 104
8 108
8 120
8 144
8 151
8 167
8 181
8 215
9 13
9 66
9 67
9 130
9 161
9 189
9 280
10 13
10 22
10 31
10 84
10 121
10 161
10 162
10 168
10 178
10 181
10 182
10 215
10 245
10 258
10 274
10 275
10 280
10 290
11 13
11 19
11 31
11 43
11 84
11 89
11 95
11 105
11 117
11 120
11 132
11 134
11 139
11 143
11 145
11 161
11 168
11 179
11 210
11 238
11 252
11 274
11 279
11 283
11 286
12 13
12 31
12 79
12 84
12 112
12 121
12 127
12 132
12 155
12 160
12 161
12 162
12 181
12 257
12 274
12 275
12 284
13 17
13 20
13 21
13 22
13 26
13 27
13 28
13 31
13 32
13 36
13 37
13 38
13 40
13 46
13 48
13 49
13 52
13 55
13 56
13 57
13 59
13 61
13 64
13 71
13 76
13 80
13 82
13 84
13 93
13 95
13 96
13 106
13 107
13 113
13 114
13 115
13 121
13 124
13 125
13 126
13 127
13 132
13 133
13 134
13 135
13 139
13 140
13 143
13 145
13 148
13 151
13 155
13 160
13 161
13 162
13 163
13 173
13 175
13 181
13 182
13 184
13 185
13 186
13 187
13 190
13 191
13 193
13 198
13 203
13 206
13 207
13 208
13 209
13 213
13 218
13 219
13 220
13 223
13 224
13 226
13 229
13 230
13 233
13 235
13 236
13 237
13 242
13 244
13 250
13 254
13 256
13 257
13 259
13 262
13 263
13 264
13 265
13 269
13 272
13 274
13 275
13 277
13 279
13 282
13 283
13 286
13 288
13 290
13 295
13 299
13 300
14 40
14 48
14 82
14 189
14 192
14 200
14 225
14 247
14 252
14 279
15 31
15 35
15 46
15 114
15 116
15 158
15 193
15 270
15 282
15 283
16 36
16 38
16 121
16 135
16 143
16 145
16 151
16 169
16 291
16 296
16 298
17 45
17 48
17 71
17 120
17 161
17 181
17 223
17 250
17 277
17 292
18 27
18 181
18 209
18 234
18 245
18 269
19 30
19 35
19 48
19 80
19 189
19 197
19 233
19 241
19 267
20 90
20 129
20 132
20 144
20 176
20 188
20 195
20 218
20 220
20 243
20 250
20 263
20 280
21 31
21 37
21 69
21 77
21 84
21 95
21 101
21 127
21 130
21 132
21 135
21 138
21 140
21 147
21 150
21 153
21 161
21 162
21 167
21 181
21 186
21 191
21 206
21 210
21 214
21 217
21 235
21 250
21 272
21 275
21 294
21 300
22 142
22 145
22 174
22 187
22 189
22 190
23 29
23 34
23 59
23 93
23 137
23 150
23 155
23 218
23 235
23 246
23 266
24 45
24 269
24 288
25 43
25 55
25 89
25 129
25 165
25 179
25 240
25 286
26 29
26 54
26 68
26 84
26 114
26 121
26 127
26 132
26 140
26 145
26 146
26 161
26 162
26 191
26 240
26 274
26 290
27 55
27 70
27 73
27 75
27 114
27 132
27 174
27 190
27 229
27 240
27 264
27 271
27 283
27 288
27 289
28 43
28 45
28 64
28 152
28 180
28 204
28 242
28 261
28 268
29 93
29 114
29 121
29 138
29 155
29 214
29 234
30 34
30 42
30 88
30 143
30 148
30 155
30 209
31 34
31 84
31 95
31 116
31 119
31 121
31 127
31 132
31 134
31 145
31 155
31 158
31 160
31 161
31 162
31 169
31 178
31 181
31 182
31 185
31 187
31 190
31 191
31 206
31 214
31 230
31 257
31 264
31 272
31 274
31 275
31 290
32 36
32 42
32 50
32 93
32 127
32 140
32 163
32 269
33 65
33 82
33 111
33 119
33 144
33 148
33 213
33 270
34 49
34 55
34 73
34 82
34 90
34 93
34 115
34 146
34 169
34 184
34 218
34 235
35 107
35 114
35 200
35 222
35 237
35 242
35 300
36 37
36 38
36 51
36 54
36 60
36 190
36 217
36 270
36 282
36 300
37 43
37 56
37 82
37 84
37 127
37 132
37 161
37 162
37 168
37 181
37 190
37 257
37 274
38 44
38 97
38 99
38 107
38 129
38 193
38 225
38 226
38 282
39 53
39 83
39 88
39 92
39 181
39 227
39 241
39 243
39 246
39 254
39 263
39 268
39 280
40 47
40 145
40 209
40 225
40 287
41 45
41 56
41 145
41 251
41 269
42 118
42 135
42 141
42 142
42 199
43 100
43 124
43 129
43 140
43 143
43 167
43 220
43 229
43 238
43 274
43 286
43 298
44 89
44 93
44 97
44 107
44 112
44 133
44 152
44 197
44 226
44 276
44 282
45 75
45 134
45 152
45 176
45 229
45 240
45 266
45 272
45 283
46 50
46 56
46 84
46 91
46 95
46 107
46 114
46 121
46 132
46 136
46 148
46 161
46 162
46 177
46 194
46 203
46 231
46 264
46 269
47 82
47 116
47 198
47 285
48 116
48 161
48 172
48 205
48 215
48 220
48 233
48 250
48 267
49 73
49 153
50 56
50 73
50 93
50 231
50 269
51 64
51 132
51 136
51 174
51 182
51 190
51 224
51 240
51 251
51 288
52 93
52 108
52 154
52 195
52 204
52 266
53 120
53 132
53 148
53 162
53 167
53 213
53 233
53 250
53 256
53 286
53 295
54 56
54 171
54 247
55 56
55 73
55 84
55 87
55 103
55 105
55 137
55 157
55 161
55 162
55 175
55 205
55 271
55 288
56 79
56 132
56 161
56 180
56 190
56 212
56 237
57 77
57 82
57 84
57 95
57 129
57 132
57 144
57 148
57 161
57 162
57 167
57 177
57 196
57 240
57 269
57 274
57 275
57 283
57 288
57 291
57 294
58 101
58 106
58 151
58 181
58 201
58 268
59 140
59 161
59 173
59 184
59 191
59 202
59 222
59 272
60 112
60 131
60 135
60 172
60 181
60 190
60 209
60 212
60 225
61 67
61 86
61 138
61 177
61 181
61 202
61 221
61 254
61 267
62 110
62 196
62 287
63 71
63 77
63 99
63 107
63 129
63 139
63 153
63 189
63 199
63 237
63 272
64 80
64 240
64 279
65 88
65 119
65 146
65 287
66 74
66 137
66 143
66 183
66 234
66 284
67 155
67 193
67 202
67 245
67 279
68 109
68 122
69 89
69 107
69 113
69 179
69 190
69 195
69 206
69 217
69 227
69 230
69 297
70 155
70 186
70 208
70 243
70 252
71 84
71 107
71 121
71 132
71 155
71 161
71 162
71 181
71 185
71 190
71 191
71 193
71 206
71 214
71 237
71 272
71 274
71 275
72 78
72 130
72 139
72 148
72 242
72 272
72 277
73 158
73 240
73 254
73 288
74 81
74 96
74 112
74 126
74 274
74 285
75 77
75 101
75 120
75 226
75 271
75 283
76 124
76 133
76 151
76 208
76 272
77 94
77 112
77 130
77 142
77 201
77 253
77 271
77 297
78 140
78 142
79 177
79 184
79 190
79 220
79 232
79 299
80 83
80 92
80 95
80 117
80 161
80 167
80 181
80 186
80 213
80 219
80 249
80 267
80 274
80 291
81 93
81 109
81 128
81 160
81 163
81 184
81 189
81 257
82 84
82 121
82 127
82 132
82 145
82 160
82 161
82 162
82 174
82 181
82 190
82 191
82 223
82 235
82 274
82 275
83 156
83 198
83 270
84 87
84 95
84 97
84 121
84 124
84 126
84 127
84 132
84 133
84 134
84 135
84 143
84 145
84 148
84 155
84 160
84 161
84 162
84 181
84 182
84 185
84 187
84 190
84 191
84 193
84 203
84 206
84 213
84 218
84 227
84 230
84 235
84 237
84 242
84 250
84 256
84 257
84 262
84 272
84 274
84 275
84 288
84 290
84 300
85 207
85 218
86 87
86 89
86 167
86 180
86 210
86 252
87 175
87 180
87 201
88 112
88 168
88 212
88 265
88 299
89 137
89 153
89 200
89 279
89 288
90 110
90 145
90 153
90 155
90 175
90 209
90 214
90 223
90 243
90 250
90 290
91 173
91 186
91 225
91 288
92 164
92 186
92 194
92 199
92 213
92 239
92 255
92 261
92 275
92 284
93 101
93 179
93 218
93 227
93 233
94 112
94 173
94 220
94 267
95 96
95 117
95 119
95 121
95 126
95 127
95 132
95 134
95 135
95 145
95 155
95 160
95 161
95 162
95 181
95 182
95 185
95 190
95 191
95 206
95 209
95 211
95 235
95 238
95 250
95 274
95 275
95 300
96 105
96 193
96 202
96 284
97 101
97 188
97 215
97 263
97 295
98 126
98 227
98 232
98 269
99 142
99 149
99 185
99 237
99 241
100 104
100 113
100 124
100 125
100 143
100 181
100 201
100 219
100 224
100 227
100 299
101 128
101 131
101 138
101 186
101 219
101 253
101 259
101 271
101 290
102 128
102 138
102 179
102 234
102 236
102 255
103 111
103 155
103 158
103 250
103 293
104 108
104 126
104 165
104 210
104 238
104 239
104 271
104 274
104 291
104 292
106 130
106 162
106 201
107 121
107 127
107 132
107 145
107 155
107 161
107 162
107 185
107 190
107 198
107 229
107 277
108 144
108 231
108 243
108 271
108 272
108 292
109 120
109 170
109 230
109 250
110 170
110 181
110 216
110 292
111 195
111 233
112 131
112 152
112 174
112 187
112 200
112 221
112 230
113 116
113 241
113 277
113 279
114 115
114 188
114 203
114 222
114 252
114 258
114 264
114 276
114 282
115 122
115 126
115 161
115 181
115 240
115 274
115 289
116 198
116 225
116 236
116 250
116 258
116 262
116 273
116 289
117 196
117 230
118 128
118 140
118 252
118 263
118 265
119 146
119 149
119 190
119 191
119 295
120 183
120 238
120 244
120 254
120 285
120 298
121 124
121 126
121 127
121 132
121 133
121 134
121 135
121 143
121 145
121 148
121 155
121 157
121 160
121 161
121 162
121 181
121 184
121 185
121 187
121 190
121 191
121 193
121 200
121 203
121 206
121 230
121 235
121 237
121 242
121 250
121 257
121 262
121 274
121 275
121 285
121 288
121 290
121 300
122 130
122 224
122 275
124 132
124 133
124 143
124 145
124 161
124 162
124 181
124 191
124 235
124 236
124 250
124 267
124 274
124 278
125 126
125 157
125 158
125 161
125 162
125 213
125 238
125 250
125 279
125 287
126 145
126 155
126 160
126 161
126 162
126 194
126 228
126 274
126 287
127 132
127 133
127 134
127 135
127 145
127 148
127 155
127 160
127 161
127 162
127 181
127 182
127 185
127 187
127 190
127 191
127 193
127 206
127 224
127 235
127 254
127 257
127 272
127 274
127 275
127 288
127 290
127 300
128 144
128 149
128 165
128 175
128 201
128 227
128 253
129 133
129 154
129 156
129 162
129 212
129 237
129 287
130 151
130 152
130 212
130 213
130 254
130 273
130 277
131 163
131 204
131 228
132 133
132 134
132 143
132 145
132 148
132 155
132 160
132 161
132 162
132 171
132 181
132 182
132 185
132 187
132 190
132 191
132 193
132 203
132 206
132 220
132 235
132 237
132 242
132 250
132 257
132 263
132 264
132 269
132 272
132 274
132 275
132 298
132 300
133 144
133 145
133 161
133 162
133 173
133 185
133 190
133 242
133 248
133 259
133 274
133 275
133 300
134 161
134 162
134 181
134 187
134 252
134 260
134 274
135 142
135 150
135 161
135 162
135 168
135 181
135 190
135 249
135 267
135 274
136 197
136 208
136 232
136 299
137 140
137 153
137 157
137 224
137 248
138 147
138 148
138 186
138 205
138 297
139 142
139 153
139 159
139 210
139 238
140 149
140 161
140 245
140 249
140 298
141 209
141 261
141 268
142 150
142 176
142 213
142 248
142 286
143 148
143 151
143 161
143 162
143 181
143 185
143 200
143 210
143 226
143 259
143 275
144 147
144 155
144 247
144 270
145 147
145 148
145 155
145 158
145 160
145 161
145 162
145 168
145 173
145 181
145 182
145 187
145 190
145 191
145 193
145 203
145 206
145 235
145 237
145 242
145 250
145 257
145 263
145 274
145 275
145 290
145 300
146 174
146 204
146 285
147 153
147 155
147 278
148 161
148 172
148 190
148 198
148 207
148 226
148 252
148 267
148 270
148 274
149 168
149 231
149 266
149 300
150 164
150 181
150 215
150 235
150 275
151 159
151 185
151 231
151 273
151 299
152 156
152 166
152 187
152 188
152 294
152 296
153 155
153 167
153 175
153 206
153 217
154 162
154 224
154 276
155 160
155 161
155 162
155 163
155 178
155 181
155 190
155 191
155 205
155 235
155 245
155 274
155 275
155 290
155 295
155 298
156 161
156 162
156 214
156 221
156 233
156 246
156 281
156 286
157 183
157 193
157 203
157 250
157 282
158 287
159 226
159 244
159 272
159 296
160 161
160 162
160 181
160 190
160 191
160 234
160 235
160 243
160 257
160 263
160 272
160 274
160 275
160 285
160 289
161 162
161 164
161 181
161 182
161 185
161 186
161 187
161 190
161 191
161 193
161 198
161 203
161 206
161 207
161 208
161 213
161 218
161 223
161 224
161 230
161 235
161 237
161 242
161 250
161 256
161 257
161 262
161 263
161 264
161 265
161 269
161 272
161 274
161 275
161 282
161 283
161 288
161 290
161 295
161 300
162 181
162 182
162 185
162 190
162 191
162 193
162 203
162 206
162 213
162 230
162 235
162 237
162 246
162 250
162 256
162 257
162 262
162 263
162 274
162 275
162 290
162 295
162 300
163 288
163 300
164 165
164 172
164 174
164 181
164 202
164 239
165 181
165 182
165 276
166 167
166 187
166 248
166 293
167 192
167 293
167 298
168 187
168 211
168 242
169 220
169 292
170 216
170 261
171 190
171 229
172 179
172 201
172 210
172 252
172 256
172 294
173 197
173 212
173 250
173 253
173 256
173 259
173 275
174 176
174 190
174 276
174 284
174 296
174 297
175 205
175 226
175 256
175 259
175 271
176 248
177 187
177 197
177 261
178 294
179 233
179 236
180 187
180 193
180 273
180 285
181 182
181 185
181 187
181 190
181 191
181 193
181 206
181 208
181 235
181 237
181 242
181 250
181 252
181 257
181 274
181 275
181 300
182 185
182 189
182 223
182 257
182 260
182 274
182 279
183 191
183 300
184 228
184 264
184 271
185 195
185 206
185 250
185 256
185 257
185 274
186 255
186 289
187 190
187 210
187 235
187 274
187 296
188 195
188 279
189 214
189 230
189 246
189 268
189 281
189 284
190 193
190 203
190 206
190 217
190 224
190 229
190 235
190 237
190 243
190 257
190 262
190 263
190 272
190 274
190 275
190 288
190 300
191 203
191 206
191 235
191 274
191 288
191 300
192 228
193 274
193 275
194 210
194 213
194 296
195 218
196 233
196 287
196 292
197 244
197 253
197 275
198 270
198 289
199 237
200 231
200 259
201 226
201 230
201 236
201 260
202 209
202 257
202 282
203 214
203 223
203 247
203 274
203 288
204 236
204 250
204 255
204 295
205 226
205 297
206 226
206 230
206 257
206 274
206 300
207 298
210 226
210 259
210 289
211 260
211 276
212 215
213 248
213 250
213 256
213 270
214 222
214 254
214 261
214 277
215 216
215 290
216 262
217 250
217 281
217 295
218 220
218 227
218 242
218 273
219 278
219 293
220 269
221 258
222 252
223 277
223 297
224 238
224 277
224 297
225 280
225 290
227 229
227 230
227 249
227 250
227 272
228 251
229 277
229 298
230 238
230 274
230 297
231 260
231 261
231 267
231 275
232 241
233 269
233 294
234 243
234 263
234 294
235 274
235 275
236 250
237 272
237 274
237 275
238 269
240 271
240 292
240 295
242 274
243 272
244 264
244 293
245 269
249 262
249 264
250 256
250 274
252 255
252 256
252 260
252 282
253 258
254 268
254 300
255 290
257 274
258 264
260 299
261 271
262 269
262 274
263 293
264 275
264 289
266 274
266 283
266 288
266 297
267 274
267 286
268 297
269 288
271 279
271 283
272 274
272 275
272 300
274 275
274 288
274 290
274 300
275 280
275 290
275 295
278 281
279 286
283 288
286 298
288 297
291 300
