1 11
1 19
1 28
1 30
1 32
1 42
1 44
1 93
1 105
1 120
1 126
1 133
1 212
1 220
2 13
2 16
2 76
2 101
2 103
2 135
2 142
2 167
2 198
2 281
3 93
3 120
3 125
3 144
3 237
4 19
4 39
4 86
4 93
4 96
4 167
4 176
4 195
5 19
5 44
5 45
5 55
5 82
5 89
5 97
5 126
5 133
5 145
5 201
5 288
6 21
6 101
6 143
6 190
6 211
6 276
7 44
7 45
7 70
7 71
7 88
7 126
7 139
7 152
7 190
7 216
7 240
7 268
7 300
8 100
8 104
8 108
8 120
8 144
8 215
8 246
9 19
9 29
9 39
9 42
9 44
9 51
9 54
9 66
9 67
9 109
9 126
9 130
9 142
9 148
9 185
9 187
9 189
9 255
9 283
10 19
10 85
10 171
10 178
10 182
10 185
10 215
11 19
11 43
11 51
11 54
11 74
11 89
11 92
11 93
11 105
11 117
11 120
11 126
11 134
11 139
11 142
11 143
11 168
11 179
11 198
11 210
11 213
11 252
11 279
11 283
11 286
11 288
11 292
12 80
12 284
12 286
12 291
13 32
13 49
13 52
13 60
13 93
13 106
13 107
13 113
13 266
13 271
14 48
14 82
14 116
14 200
14 210
14 225
14 252
14 253
14 257
15 31
15 34
15 35
15 116
15 129
15 193
15 195
15 222
15 270
15 280
15 282
15 283
16 36
16 38
16 121
16 125
16 135
16 149
16 157
16 169
16 291
16 296
17 30
17 39
17 65
17 92
17 120
17 131
17 176
17 189
17 199
17 269
17 277
17 292
18 27
18 120
18 147
18 209
18 234
18 245
19 22
19 29
19 30
19 35
19 39
19 42
19 44
19 46
19 48
19 50
19 51
19 54
19 63
19 80
19 92
19 93
19 95
19 101
19 107
19 109
19 112
19 117
19 118
19 126
19 127
19 137
19 139
19 142
19 149
19 154
19 163
19 166
19 171
19 185
19 187
19 189
19 193
19 200
19 203
19 204
19 212
19 213
19 214
19 220
19 225
19 233
19 238
19 239
19 240
19 241
19 249
19 252
19 255
19 262
19 264
19 268
19 271
19 281
19 283
19 290
19 292
19 297
20 144
20 193
20 195
20 243
20 263
20 281
21 37
21 53
21 69
21 77
21 88
21 112
21 130
21 135
21 140
21 153
21 168
21 186
21 210
21 213
21 214
21 217
21 272
21 294
22 91
22 92
22 93
22 126
22 142
22 185
22 189
22 213
22 249
23 60
23 93
23 98
23 137
23 155
23 235
23 246
24 45
24 79
25 43
25 51
25 89
25 116
25 142
25 165
25 179
25 188
25 189
25 208
25 240
25 286
26 29
26 49
26 54
26 65
26 68
26 114
26 126
26 146
26 160
26 181
26 191
26 240
27 66
27 73
27 171
27 236
27 264
27 289
28 45
28 64
28 92
28 180
28 242
28 261
28 268
29 39
29 42
29 51
29 54
29 92
29 93
29 109
29 118
29 121
29 126
29 142
29 155
29 185
29 187
29 203
29 214
29 220
29 249
29 255
29 259
29 262
29 268
29 283
29 297
30 42
30 44
30 51
30 54
30 92
30 93
30 109
30 126
30 142
30 143
30 148
30 166
30 187
30 209
30 214
30 220
30 239
30 249
30 255
30 260
30 264
30 283
30 292
30 297
31 34
31 61
31 116
31 169
31 178
31 300
32 40
32 42
32 50
32 93
32 140
32 163
32 167
32 234
32 269
33 65
33 82
33 111
33 119
33 270
34 55
34 73
34 93
34 115
34 124
34 150
34 169
34 184
34 235
35 222
35 228
35 237
35 242
35 275
35 282
35 300
36 37
36 38
36 51
36 115
36 170
36 174
36 217
36 241
36 282
36 300
37 43
37 56
37 59
37 90
37 266
38 44
38 129
38 193
38 225
38 280
38 296
39 42
39 51
39 54
39 83
39 88
39 92
39 93
39 109
39 126
39 142
39 166
39 181
39 187
39 220
39 227
39 241
39 243
39 246
39 252
39 255
39 263
39 268
39 280
39 283
39 292
40 48
40 69
40 70
40 93
40 113
40 145
40 209
40 230
40 287
41 45
41 56
41 145
41 226
41 251
42 44
42 46
42 51
42 54
42 60
42 63
42 92
42 93
42 95
42 96
42 107
42 109
42 118
42 126
42 135
42 137
42 141
42 142
42 149
42 166
42 181
42 185
42 187
42 199
42 203
42 214
42 220
42 240
42 249
42 255
42 262
42 268
42 271
42 283
42 290
42 292
42 297
43 98
43 124
43 220
43 266
43 274
44 46
44 51
44 54
44 63
44 89
44 92
44 93
44 95
44 101
44 107
44 109
44 118
44 126
44 127
44 133
44 137
44 139
44 142
44 149
44 152
44 166
44 185
44 187
44 193
44 197
44 200
44 201
44 203
44 212
44 213
44 214
44 220
44 240
44 249
44 252
44 255
44 262
44 264
44 268
44 271
44 281
44 282
44 283
44 290
44 292
44 297
45 134
45 142
45 152
45 229
45 266
45 283
46 50
46 51
46 54
46 79
46 109
46 121
46 126
46 142
46 148
46 155
46 177
46 220
46 224
46 231
46 255
46 264
46 283
47 82
47 116
47 126
47 198
47 285
48 116
48 205
48 208
48 233
48 235
48 237
48 250
48 253
49 73
49 169
49 175
49 181
49 202
49 236
50 51
50 56
50 73
50 81
50 92
50 96
50 109
50 146
50 162
50 231
50 267
50 269
50 292
51 52
51 54
51 64
51 71
51 80
51 92
51 93
51 95
51 97
51 101
51 106
51 107
51 109
51 112
51 118
51 126
51 127
51 129
51 136
51 137
51 139
51 142
51 149
51 164
51 166
51 171
51 182
51 185
51 187
51 190
51 193
51 200
51 203
51 204
51 212
51 213
51 214
51 220
51 223
51 224
51 225
51 239
51 240
51 241
51 249
51 252
51 255
51 262
51 264
51 268
51 271
51 281
51 283
51 288
51 290
51 292
51 297
52 53
52 54
52 93
52 108
52 109
52 126
52 142
52 195
52 204
52 236
53 72
53 120
53 132
53 162
53 164
53 168
53 213
53 233
53 250
53 256
53 295
54 63
54 92
54 93
54 101
54 109
54 112
54 118
54 126
54 127
54 137
54 139
54 142
54 149
54 171
54 181
54 185
54 187
54 203
54 204
54 212
54 213
54 214
54 220
54 224
54 225
54 239
54 240
54 249
54 252
54 255
54 262
54 264
54 268
54 283
54 290
54 292
54 297
55 56
55 73
55 87
55 103
55 105
55 137
55 157
55 205
55 288
56 65
56 79
56 131
56 180
56 212
56 266
57 119
57 129
57 148
57 162
57 167
57 196
57 283
57 291
57 294
58 106
58 172
58 188
58 268
58 274
59 173
59 184
59 187
59 216
59 222
59 272
60 81
60 120
60 172
60 190
60 195
60 212
60 218
60 279
61 67
61 95
61 138
61 164
61 177
61 202
61 236
61 254
61 267
62 110
62 196
62 216
63 71
63 107
63 109
63 110
63 126
63 142
63 169
63 199
63 237
63 249
63 268
63 283
64 92
64 137
64 237
64 240
64 254
65 88
65 104
65 119
65 146
65 154
65 156
65 198
65 287
66 159
66 221
66 276
66 284
67 155
67 193
67 202
67 232
67 245
67 279
68 101
68 122
68 247
69 100
69 107
69 217
69 227
69 230
69 246
69 275
69 290
69 297
70 108
70 129
70 155
70 173
70 175
70 208
70 230
70 243
70 259
71 171
71 185
71 214
72 78
72 131
72 139
72 148
72 242
72 274
72 277
73 126
73 137
73 142
73 145
73 158
73 254
73 288
74 89
74 96
74 274
74 285
74 288
75 77
75 101
75 120
75 226
75 283
76 124
76 133
76 151
76 197
76 208
76 272
77 88
77 94
77 112
77 201
77 261
77 271
77 297
78 142
78 194
78 263
79 94
79 125
79 177
79 184
79 187
79 190
79 220
79 232
79 299
80 83
80 92
80 117
80 126
80 142
80 186
80 197
80 219
80 291
81 160
81 163
81 257
82 223
83 156
83 198
83 270
84 125
84 188
84 268
85 207
85 218
86 144
86 157
86 167
86 210
86 231
86 251
86 252
87 101
87 135
87 175
87 201
87 227
88 112
88 113
88 157
88 168
88 212
88 265
88 299
89 133
89 182
89 266
89 288
89 293
90 110
90 150
90 153
90 155
90 163
90 175
90 209
90 243
90 246
90 250
90 273
91 125
91 145
91 150
91 163
91 173
91 186
92 93
92 95
92 109
92 112
92 118
92 126
92 127
92 137
92 139
92 142
92 149
92 166
92 171
92 181
92 185
92 186
92 187
92 200
92 213
92 214
92 220
92 227
92 239
92 240
92 241
92 246
92 249
92 252
92 255
92 261
92 264
92 268
92 271
92 275
92 280
92 283
92 290
92 292
92 297
93 95
93 101
93 102
93 107
93 109
93 112
93 118
93 126
93 127
93 139
93 142
93 149
93 154
93 167
93 171
93 181
93 185
93 187
93 200
93 203
93 212
93 213
93 214
93 220
93 227
93 239
93 249
93 255
93 262
93 264
93 268
93 271
93 283
93 290
93 292
93 297
94 112
94 220
94 267
95 96
95 109
95 118
95 119
95 126
95 127
95 142
95 157
95 185
95 209
95 211
95 214
95 220
95 238
95 249
95 255
95 264
96 115
96 147
96 160
96 192
96 202
96 207
96 220
96 284
97 101
97 118
97 182
97 188
97 215
97 263
97 295
98 126
98 227
98 232
98 269
100 104
100 113
100 125
100 227
100 238
100 283
100 299
101 126
101 131
101 138
101 186
101 198
101 204
101 253
101 259
102 128
102 138
102 234
102 236
102 245
102 255
103 111
103 158
103 191
103 250
103 258
104 210
104 220
104 239
104 291
104 292
104 300
105 150
106 126
106 130
106 162
107 118
107 126
107 167
107 255
107 268
108 144
108 231
108 240
108 243
108 271
109 112
109 120
109 126
109 127
109 132
109 142
109 166
109 170
109 185
109 187
109 189
109 203
109 213
109 214
109 220
109 224
109 225
109 227
109 239
109 240
109 241
109 249
109 250
109 252
109 255
109 259
109 261
109 262
109 268
109 269
109 276
109 283
109 290
109 292
109 297
110 154
110 170
110 181
110 216
110 292
111 225
111 233
112 142
112 152
112 174
112 189
112 200
112 290
112 298
113 116
113 241
113 277
113 279
114 115
114 160
114 258
114 276
115 118
115 122
115 126
115 190
115 240
116 198
116 225
116 236
116 237
116 258
116 273
116 289
117 122
117 126
117 187
118 124
118 126
118 128
118 135
118 140
118 142
118 166
118 175
118 220
118 249
118 255
118 265
118 283
118 290
119 139
119 149
119 189
119 190
119 191
119 210
119 295
120 238
120 285
121 161
121 184
121 238
122 130
122 138
122 187
122 217
122 224
122 275
123 281
124 130
124 147
124 149
124 236
124 278
125 145
125 155
125 157
125 161
125 162
125 244
125 279
125 282
125 287
126 127
126 137
126 139
126 142
126 147
126 149
126 162
126 166
126 181
126 183
126 185
126 187
126 193
126 200
126 203
126 212
126 213
126 214
126 220
126 224
126 225
126 228
126 238
126 239
126 240
126 241
126 249
126 252
126 255
126 262
126 268
126 271
126 283
126 287
126 290
126 292
126 297
127 142
127 185
127 187
127 213
127 220
127 224
127 254
127 290
127 292
127 297
128 144
128 165
128 175
128 201
128 253
129 154
129 237
129 252
129 287
130 151
130 212
130 213
130 215
130 254
130 273
131 204
131 228
132 171
132 204
132 220
132 264
132 298
133 190
133 242
133 250
133 259
134 260
134 266
134 270
135 168
135 190
135 240
135 249
135 267
136 197
136 208
136 232
136 299
137 142
137 152
137 153
137 157
137 248
138 147
138 148
138 174
138 186
138 194
138 205
138 272
138 289
138 297
139 142
139 159
139 210
139 275
140 171
140 245
140 249
141 209
141 252
141 261
141 268
142 145
142 149
142 150
142 166
142 172
142 176
142 185
142 187
142 193
142 203
142 212
142 213
142 214
142 220
142 224
142 225
142 239
142 240
142 248
142 249
142 252
142 255
142 262
142 268
142 281
142 283
142 286
142 290
142 292
142 297
143 151
143 169
143 200
144 147
144 155
145 158
145 184
146 204
146 258
146 282
146 285
147 153
147 155
147 165
147 278
147 283
148 172
148 198
148 207
148 226
148 252
148 270
148 274
149 220
149 231
149 249
149 255
149 266
149 283
150 164
150 181
150 235
150 275
150 300
151 230
151 231
151 296
152 156
152 164
152 166
152 252
153 155
153 167
153 206
153 217
153 225
154 162
154 184
154 191
154 224
154 239
154 275
155 178
155 201
155 204
155 205
155 245
155 259
155 282
155 295
156 199
156 266
156 281
156 286
157 183
157 193
157 203
157 250
157 282
158 272
158 275
158 287
159 209
159 226
160 179
160 201
160 234
160 263
160 285
160 289
162 198
162 263
163 238
163 258
164 165
164 174
164 178
164 181
164 210
165 178
165 182
165 267
165 276
165 298
166 167
166 205
166 248
166 255
166 262
166 263
166 268
166 283
166 293
167 178
167 233
168 211
168 242
169 201
169 292
170 189
170 236
170 261
170 293
171 190
171 194
171 255
172 179
172 201
172 210
172 212
172 256
172 267
172 294
173 197
173 237
173 253
174 176
174 190
174 270
174 296
175 205
175 256
175 259
175 271
176 276
177 187
177 197
177 247
177 261
178 294
178 300
179 236
179 273
180 193
180 229
180 273
180 285
181 220
181 242
181 274
181 292
182 185
182 223
182 260
182 279
182 286
182 288
183 191
183 243
183 251
183 300
184 208
184 228
184 264
185 187
185 203
185 212
185 213
185 220
185 249
185 255
185 256
185 262
185 268
185 283
185 290
185 292
185 297
186 235
187 203
187 214
187 219
187 220
187 249
187 252
187 255
187 262
187 268
187 283
187 292
188 195
188 268
189 217
189 230
189 242
189 281
189 284
190 203
190 211
190 229
190 234
191 252
191 288
194 213
194 266
194 296
194 300
195 201
195 218
196 242
196 287
196 295
197 244
197 253
197 275
197 279
198 289
200 231
200 259
201 230
201 236
201 260
202 257
202 282
202 290
203 214
203 220
203 249
203 255
203 274
203 283
203 288
203 292
204 228
204 236
204 255
204 292
204 295
205 226
205 286
205 297
206 239
206 251
206 264
207 298
208 264
208 267
209 225
210 226
210 259
210 289
210 300
211 260
212 213
212 215
212 249
212 291
213 220
213 255
213 268
213 270
213 283
213 286
213 290
213 292
214 224
214 249
214 255
214 261
214 273
214 277
214 279
215 223
215 290
216 262
216 268
216 292
217 250
217 295
218 220
218 227
218 231
219 278
220 239
220 249
220 255
220 268
220 269
220 283
220 290
220 292
220 297
221 233
221 258
223 224
223 245
223 277
223 297
224 277
224 297
225 255
225 279
225 280
225 290
225 292
225 295
227 229
227 250
228 239
228 242
228 251
230 244
230 297
231 260
231 261
231 262
231 267
231 277
233 269
233 294
234 294
236 250
237 243
238 269
239 283
240 255
240 262
240 283
240 292
240 295
241 284
243 272
245 265
245 269
246 299
249 255
249 262
249 264
249 268
249 283
249 290
249 292
249 297
251 271
252 255
252 256
252 282
253 298
254 268
254 291
255 283
255 290
255 292
255 297
256 263
256 275
257 293
258 264
260 280
260 299
261 271
261 293
262 268
262 269
262 274
262 275
262 280
262 283
262 290
262 292
262 297
263 280
263 293
264 275
264 289
264 292
266 274
266 283
267 293
268 280
268 292
268 297
269 276
271 279
271 283
273 285
274 289
275 280
275 295
278 281
279 286
281 296
283 288
283 292
283 297
284 288
284 300
286 288
288 297
289 295
290 292
292 297
