1 16
1 24
1 28
1 30
1 32
1 36
1 46
1 59
1 105
1 115
1 120
1 133
1 212
1 215
1 224
1 241
1 247
1 295
2 16
2 48
2 76
2 101
2 103
2 121
2 135
2 155
2 163
2 167
2 190
2 198
2 210
2 238
2 239
2 281
2 293
2 295
3 16
3 24
3 36
3 46
3 108
3 112
3 120
3 125
3 132
3 144
3 170
3 203
3 210
3 215
3 241
3 259
3 270
3 295
4 16
4 20
4 24
4 36
4 38
4 39
4 51
4 74
4 86
4 89
4 96
4 101
4 122
4 123
4 128
4 129
4 131
4 137
4 153
4 160
4 167
4 169
4 184
4 188
4 193
4 194
4 195
4 215
4 217
4 219
4 224
4 226
4 241
4 247
4 258
4 270
4 275
4 281
4 284
4 295
5 24
5 36
5 45
5 46
5 55
5 89
5 96
5 97
5 145
5 182
5 201
5 215
5 241
5 282
5 295
6 24
6 36
6 71
6 88
6 92
6 96
6 100
6 101
6 132
6 143
6 144
6 169
6 190
6 205
6 211
6 237
6 241
6 285
6 295
7 45
7 55
7 70
7 71
7 137
7 139
7 152
7 238
7 240
7 268
7 295
7 300
8 30
8 32
8 100
8 108
8 120
8 151
8 153
8 167
8 185
8 215
8 246
8 273
8 296
8 298
9 66
9 67
9 130
9 148
9 198
9 280
10 85
10 134
10 178
10 215
10 238
10 245
10 280
11 12
11 16
11 24
11 36
11 43
11 89
11 96
11 101
11 117
11 120
11 134
11 139
11 143
11 153
11 168
11 179
11 198
11 210
11 215
11 224
11 241
11 252
11 279
11 283
11 286
11 295
12 16
12 24
12 29
12 36
12 46
12 49
12 66
12 79
12 80
12 85
12 86
12 89
12 96
12 100
12 101
12 108
12 112
12 121
12 123
12 128
12 134
12 137
12 143
12 144
12 153
12 155
12 160
12 172
12 178
12 184
12 186
12 188
12 189
12 193
12 194
12 203
12 210
12 215
12 218
12 219
12 224
12 226
12 231
12 236
12 239
12 241
12 247
12 256
12 270
12 273
12 277
12 281
12 284
12 286
12 295
13 24
13 31
13 36
13 60
13 85
13 93
13 101
13 106
13 107
13 113
13 151
13 163
13 169
13 173
13 220
13 241
13 244
13 261
13 266
13 271
13 295
14 40
14 48
14 62
14 82
14 116
14 144
14 152
14 189
14 192
14 200
14 225
14 253
14 257
14 279
14 283
15 31
15 34
15 35
15 60
15 114
15 116
15 129
15 158
15 159
15 193
15 195
15 222
15 270
15 282
15 283
16 22
16 24
16 29
16 36
16 38
16 43
16 45
16 46
16 49
16 51
16 52
16 59
16 66
16 77
16 82
16 85
16 89
16 96
16 100
16 101
16 114
16 121
16 123
16 128
16 132
16 135
16 137
16 141
16 145
16 149
16 150
16 153
16 155
16 157
16 169
16 172
16 175
16 177
16 184
16 186
16 188
16 193
16 203
16 207
16 210
16 215
16 218
16 219
16 224
16 226
16 236
16 238
16 239
16 241
16 247
16 248
16 254
16 256
16 258
16 267
16 270
16 273
16 275
16 276
16 281
16 284
16 287
16 288
16 291
16 294
16 295
16 296
16 298
17 48
17 120
17 131
17 189
17 223
17 269
17 292
18 27
18 120
18 147
18 181
18 234
18 269
19 24
19 34
19 48
19 80
19 154
19 163
19 189
19 233
19 241
19 295
20 24
20 29
20 46
20 89
20 90
20 96
20 129
20 144
20 153
20 176
20 188
20 195
20 210
20 215
20 220
20 224
20 239
20 241
20 243
20 256
20 263
20 270
20 273
20 280
20 281
20 284
20 295
21 37
21 69
21 77
21 88
21 91
21 101
21 112
21 127
21 135
21 140
21 153
21 167
21 214
21 217
21 228
21 272
21 285
21 294
22 36
22 45
22 91
22 99
22 137
22 142
22 145
22 161
22 174
22 187
22 189
22 286
22 288
22 295
23 59
23 60
23 93
23 155
23 235
23 246
24 29
24 30
24 31
24 34
24 36
24 37
24 38
24 42
24 43
24 45
24 46
24 47
24 49
24 51
24 52
24 54
24 56
24 59
24 61
24 63
24 66
24 74
24 75
24 77
24 82
24 85
24 86
24 89
24 92
24 94
24 96
24 98
24 99
24 100
24 101
24 102
24 104
24 108
24 109
24 111
24 114
24 115
24 117
24 121
24 122
24 123
24 125
24 126
24 127
24 128
24 129
24 131
24 132
24 133
24 134
24 136
24 137
24 140
24 141
24 142
24 143
24 144
24 145
24 149
24 150
24 153
24 155
24 157
24 158
24 167
24 169
24 171
24 172
24 175
24 176
24 177
24 178
24 180
24 184
24 186
24 188
24 189
24 193
24 194
24 198
24 199
24 201
24 202
24 203
24 207
24 210
24 211
24 215
24 217
24 218
24 219
24 224
24 226
24 233
24 236
24 238
24 239
24 240
24 241
24 247
24 248
24 249
24 254
24 256
24 258
24 261
24 262
24 266
24 267
24 269
24 270
24 273
24 275
24 276
24 277
24 281
24 284
24 285
24 287
24 288
24 294
24 295
24 297
24 300
25 43
25 116
25 165
25 179
25 188
25 189
25 208
25 240
25 286
26 29
26 49
26 54
26 65
26 68
26 114
26 146
26 191
26 198
27 70
27 73
27 174
27 229
27 236
27 264
27 271
27 289
28 45
28 64
28 152
28 204
28 242
28 268
29 36
29 89
29 101
29 114
29 133
29 134
29 137
29 153
29 186
29 188
29 203
29 210
29 214
29 215
29 224
29 226
29 234
29 239
29 241
29 247
29 270
29 273
29 281
29 284
29 295
30 34
30 143
30 151
30 215
30 239
30 241
30 260
31 34
31 36
31 61
31 116
31 187
31 193
31 214
31 241
31 295
32 36
32 40
32 42
32 50
32 96
32 140
32 151
32 153
32 215
32 234
32 241
32 273
32 295
32 296
33 65
33 82
33 111
33 119
33 295
34 49
34 73
34 82
34 93
34 115
34 124
34 137
34 146
34 169
34 235
34 236
34 241
35 107
35 113
35 200
35 222
35 228
35 237
35 257
35 275
35 300
36 37
36 45
36 49
36 51
36 52
36 54
36 56
36 59
36 61
36 63
36 74
36 82
36 84
36 85
36 89
36 96
36 100
36 101
36 104
36 109
36 110
36 114
36 115
36 121
36 123
36 126
36 128
36 129
36 132
36 134
36 137
36 138
36 141
36 143
36 145
36 150
36 153
36 155
36 157
36 169
36 170
36 171
36 172
36 174
36 175
36 176
36 177
36 178
36 184
36 186
36 188
36 190
36 193
36 194
36 198
36 203
36 207
36 210
36 211
36 215
36 217
36 218
36 219
36 224
36 226
36 233
36 236
36 238
36 239
36 240
36 241
36 247
36 248
36 254
36 256
36 258
36 267
36 270
36 273
36 277
36 281
36 282
36 284
36 288
36 295
36 300
37 43
37 56
37 59
37 90
37 168
37 214
37 215
37 266
37 290
37 295
38 67
38 89
38 96
38 99
38 137
38 193
38 225
38 241
38 295
38 296
39 53
39 83
39 88
39 105
39 181
39 189
39 194
39 214
39 246
39 252
39 254
39 263
39 268
39 280
40 47
40 48
40 69
40 70
40 88
40 113
40 128
40 145
40 174
40 175
40 196
40 209
40 225
40 230
41 45
41 56
41 145
41 226
41 251
41 295
42 60
42 76
42 96
42 118
42 135
42 141
42 142
42 199
42 223
43 100
43 124
43 179
43 203
43 266
43 274
43 286
43 295
44 89
44 93
44 97
44 107
44 112
44 133
44 152
44 201
44 276
44 281
44 282
45 89
45 99
45 142
45 152
45 161
45 176
45 182
45 229
45 240
45 241
45 266
45 283
45 284
45 288
45 295
46 49
46 50
46 74
46 79
46 85
46 89
46 96
46 98
46 101
46 121
46 123
46 128
46 129
46 134
46 136
46 137
46 140
46 144
46 145
46 148
46 150
46 153
46 154
46 155
46 172
46 177
46 184
46 186
46 193
46 203
46 207
46 210
46 215
46 219
46 224
46 231
46 233
46 239
46 241
46 247
46 254
46 256
46 264
46 267
46 269
46 270
46 273
46 281
46 284
46 295
46 300
47 82
47 116
47 285
47 295
48 55
48 172
48 201
48 205
48 208
48 220
48 233
48 235
48 250
48 253
48 267
49 52
49 54
49 73
49 74
49 89
49 95
49 96
49 100
49 101
49 121
49 128
49 137
49 143
49 145
49 153
49 169
49 171
49 175
49 184
49 203
49 210
49 215
49 218
49 224
49 226
49 236
49 239
49 241
49 247
49 250
49 254
49 270
49 273
49 281
49 284
49 295
50 73
50 81
50 96
50 146
50 160
50 162
50 267
50 269
50 292
51 96
51 97
51 119
51 129
51 131
51 132
51 136
51 137
51 153
51 182
51 190
51 210
51 215
51 224
51 251
51 270
51 281
51 287
51 295
52 53
52 82
52 96
52 108
52 127
52 137
52 145
52 153
52 154
52 204
52 210
52 215
52 218
52 224
52 239
52 240
52 241
52 247
52 254
52 266
52 270
52 281
52 284
52 295
53 110
53 132
53 148
53 152
53 162
53 164
53 167
53 168
53 213
53 250
53 255
53 295
54 56
54 146
54 153
54 171
54 203
54 210
54 215
54 225
54 239
54 241
54 247
54 284
54 295
55 73
55 87
55 105
55 137
55 157
55 175
55 205
56 65
56 79
56 131
56 137
56 153
56 180
56 210
56 215
56 224
56 241
56 267
56 281
56 284
56 295
57 77
57 86
57 129
57 144
57 148
57 177
57 196
57 207
57 283
57 291
57 295
58 101
58 106
58 172
58 181
58 201
58 268
58 274
58 280
59 96
59 101
59 119
59 134
59 153
59 184
59 186
59 187
59 191
59 202
59 215
59 222
59 224
59 226
59 241
59 270
59 272
59 284
59 295
60 81
60 112
60 120
60 131
60 172
60 181
60 190
60 195
60 209
61 138
61 164
61 177
61 181
61 202
61 208
61 221
61 236
61 254
61 259
61 267
61 295
62 82
62 196
62 283
62 287
63 107
63 110
63 120
63 139
63 169
63 189
63 199
63 210
63 241
63 266
63 272
63 284
63 295
64 133
64 237
64 240
64 279
64 295
65 88
65 104
65 143
65 156
65 198
65 241
66 137
66 143
66 153
66 155
66 159
66 173
66 174
66 215
66 221
66 224
66 234
66 241
66 270
66 276
66 284
66 295
66 300
67 155
67 202
67 245
67 279
68 101
68 109
68 122
68 247
69 100
69 113
69 153
69 190
69 195
69 217
69 227
69 230
69 290
69 297
70 87
70 129
70 173
70 175
70 208
70 230
70 252
70 295
71 92
71 171
71 185
71 214
71 295
72 131
72 139
72 148
72 242
72 274
72 277
73 137
73 145
73 158
73 240
73 254
73 288
74 81
74 89
74 96
74 112
74 126
74 160
74 215
74 247
74 274
74 285
74 295
75 77
75 89
75 120
75 215
75 226
75 271
75 295
76 124
76 133
76 151
76 197
76 272
77 88
77 94
77 112
77 130
77 142
77 169
77 201
77 203
77 215
77 253
77 281
77 295
77 297
78 87
78 140
78 185
78 194
78 230
78 256
78 263
79 94
79 177
79 184
79 187
79 190
79 232
79 299
80 83
80 117
80 136
80 173
80 186
80 197
80 219
80 249
80 253
80 291
80 295
81 109
81 128
81 160
81 250
82 96
82 100
82 137
82 153
82 203
82 215
82 224
82 239
82 241
82 273
82 281
82 284
82 295
83 198
84 97
84 227
84 241
84 268
85 89
85 96
85 101
85 143
85 153
85 163
85 166
85 203
85 207
85 210
85 215
85 224
85 238
85 239
85 241
85 273
85 281
85 284
85 295
86 89
86 116
86 134
86 144
86 153
86 157
86 167
86 210
86 231
86 251
86 252
87 101
87 135
87 162
87 175
87 201
87 227
88 157
88 166
88 168
88 245
88 253
88 265
88 299
89 96
89 101
89 104
89 115
89 121
89 123
89 132
89 133
89 134
89 137
89 141
89 149
89 153
89 157
89 165
89 169
89 172
89 177
89 182
89 184
89 188
89 193
89 194
89 200
89 203
89 210
89 215
89 218
89 219
89 224
89 225
89 226
89 233
89 239
89 241
89 247
89 248
89 256
89 258
89 266
89 270
89 273
89 281
89 284
89 288
89 293
89 295
90 145
90 150
90 153
90 163
90 175
90 209
90 214
90 223
90 229
90 243
90 250
90 272
90 273
90 290
91 125
91 150
91 163
91 173
91 186
91 212
91 225
91 288
92 164
92 199
92 213
92 246
92 261
92 284
92 295
93 101
93 154
93 179
93 218
93 227
94 173
94 192
94 256
94 267
94 295
95 117
95 119
95 238
96 100
96 101
96 109
96 114
96 115
96 117
96 121
96 123
96 128
96 131
96 134
96 137
96 141
96 143
96 144
96 147
96 153
96 155
96 160
96 169
96 184
96 186
96 188
96 192
96 193
96 202
96 207
96 210
96 215
96 218
96 219
96 220
96 224
96 226
96 236
96 238
96 239
96 241
96 247
96 254
96 258
96 270
96 281
96 284
96 295
97 101
97 182
97 188
97 215
97 263
97 295
98 126
98 160
98 232
98 269
98 280
98 282
99 142
99 149
99 161
99 227
99 237
99 241
99 286
99 295
100 101
100 104
100 113
100 121
100 123
100 124
100 128
100 129
100 131
100 134
100 137
100 141
100 143
100 144
100 153
100 155
100 169
100 181
100 184
100 186
100 188
100 203
100 210
100 215
100 218
100 219
100 224
100 226
100 227
100 236
100 238
100 241
100 247
100 258
100 270
100 279
100 281
100 283
100 284
100 295
100 299
101 114
101 121
101 129
101 131
101 132
101 134
101 137
101 138
101 150
101 153
101 155
101 172
101 178
101 184
101 186
101 188
101 203
101 204
101 210
101 215
101 217
101 219
101 224
101 226
101 233
101 236
101 239
101 241
101 247
101 253
101 254
101 256
101 259
101 270
101 271
101 273
101 281
101 284
101 285
101 288
101 290
101 294
101 295
101 300
102 128
102 138
102 179
102 236
102 241
102 245
102 255
102 271
102 295
103 155
103 191
103 238
103 250
103 293
104 126
104 165
104 215
104 220
104 224
104 238
104 239
104 241
104 270
104 273
104 274
104 281
104 291
104 292
104 295
104 300
105 150
106 130
106 201
107 162
107 198
107 229
107 295
108 144
108 203
108 231
108 241
108 243
108 271
108 272
108 295
109 132
109 153
109 170
109 215
109 239
109 241
109 250
109 269
109 295
110 154
110 170
110 181
110 216
111 195
112 131
112 174
112 189
112 200
112 221
112 230
112 295
113 155
113 241
113 271
113 277
113 279
114 134
114 153
114 169
114 210
114 215
114 224
114 226
114 239
114 241
114 247
114 270
114 276
114 281
114 282
114 295
115 118
115 122
115 126
115 175
115 203
115 240
115 241
115 295
116 198
116 225
116 236
116 237
116 273
116 289
116 295
117 122
117 215
117 241
117 295
118 124
118 128
118 135
118 140
118 175
119 139
119 146
119 149
119 189
119 191
119 210
119 264
119 295
120 178
120 228
120 285
121 132
121 133
121 137
121 153
121 157
121 184
121 200
121 203
121 210
121 215
121 224
121 238
121 239
121 241
121 270
121 281
121 284
121 295
122 138
122 187
122 217
122 224
122 241
122 275
122 295
123 137
123 153
123 171
123 189
123 203
123 210
123 215
123 224
123 226
123 239
123 241
123 247
123 254
123 273
123 281
123 284
123 295
124 130
124 149
124 236
124 257
124 278
125 126
125 155
125 157
125 158
125 161
125 162
125 203
125 213
125 238
125 241
125 279
125 282
125 287
125 295
126 147
126 162
126 181
126 194
126 228
126 274
126 287
126 295
127 154
127 187
127 214
127 224
127 241
127 249
127 254
127 295
128 132
128 137
128 149
128 165
128 175
128 201
128 203
128 210
128 215
128 224
128 227
128 240
128 241
128 253
128 256
128 270
128 281
128 284
128 295
129 137
129 154
129 155
129 156
129 162
129 186
129 210
129 215
129 224
129 237
129 239
129 241
129 252
129 273
129 284
129 287
129 295
130 137
130 152
130 212
130 213
130 215
130 241
130 273
130 277
131 137
131 218
131 228
131 285
131 295
132 137
132 153
132 171
132 184
132 186
132 203
132 204
132 207
132 210
132 215
132 220
132 226
132 239
132 241
132 250
132 256
132 264
132 269
132 281
132 284
132 295
132 298
133 144
133 173
133 189
133 215
133 241
133 242
133 248
133 259
133 295
134 137
134 141
134 153
134 155
134 167
134 169
134 178
134 182
134 186
134 195
134 198
134 201
134 203
134 210
134 215
134 218
134 224
134 231
134 233
134 236
134 239
134 241
134 254
134 256
134 260
134 266
134 270
134 273
134 280
134 281
134 284
134 294
134 295
134 300
135 168
135 240
135 249
136 153
136 197
136 208
136 232
136 241
136 281
136 295
136 299
137 141
137 152
137 153
137 155
137 157
137 169
137 184
137 186
137 187
137 193
137 203
137 207
137 210
137 214
137 215
137 218
137 219
137 224
137 226
137 236
137 238
137 239
137 240
137 241
137 247
137 248
137 252
137 254
137 258
137 270
137 273
137 281
137 284
137 295
137 296
137 300
138 147
138 148
138 174
138 194
138 205
138 297
139 146
139 153
139 159
139 175
139 210
139 238
139 275
140 153
140 203
140 210
140 215
140 241
140 245
140 247
140 249
140 295
140 298
141 184
141 203
141 210
141 224
141 239
141 241
141 252
141 261
141 268
141 270
141 295
142 161
142 176
142 211
142 213
142 286
142 295
143 153
143 200
143 203
143 210
143 215
143 224
143 226
143 241
143 270
143 273
143 284
143 295
143 300
144 147
144 153
144 155
144 165
144 188
144 203
144 224
144 238
144 241
144 270
144 273
144 284
144 295
145 153
145 158
145 184
145 188
145 203
145 210
145 215
145 224
145 241
145 247
145 273
145 295
146 174
146 204
146 210
146 238
146 258
146 282
146 285
146 295
147 153
147 165
147 278
147 295
148 172
148 198
148 250
148 252
148 267
148 270
149 266
149 295
150 161
150 164
150 203
150 215
150 224
150 233
150 235
150 241
150 247
150 284
150 295
150 300
151 159
151 185
151 273
151 296
151 299
152 156
152 164
152 166
152 187
152 188
152 252
152 294
152 296
153 155
153 157
153 167
153 169
153 171
153 172
153 175
153 184
153 186
153 188
153 193
153 194
153 203
153 207
153 210
153 211
153 215
153 217
153 218
153 219
153 223
153 224
153 225
153 226
153 231
153 236
153 238
153 239
153 240
153 241
153 247
153 250
153 254
153 256
153 258
153 264
153 270
153 272
153 273
153 275
153 277
153 280
153 281
153 284
153 287
153 295
153 298
154 191
154 224
154 239
154 275
154 276
155 163
155 169
155 184
155 186
155 188
155 201
155 203
155 204
155 215
155 224
155 233
155 238
155 241
155 245
155 247
155 281
155 282
155 284
155 295
156 161
156 199
156 221
156 233
156 266
156 280
156 286
157 183
157 193
157 203
157 215
157 241
157 295
158 272
158 287
158 295
159 209
159 226
159 227
159 238
159 253
159 272
159 296
160 179
160 190
160 201
160 234
160 243
160 250
160 272
160 284
160 289
161 164
161 174
161 272
161 286
162 198
162 246
162 250
163 238
163 300
164 165
164 172
164 174
164 178
164 181
164 202
164 210
164 239
165 276
165 295
165 298
166 205
166 248
166 293
167 178
167 192
167 233
167 264
167 293
167 295
167 298
168 187
168 211
168 242
168 250
169 172
169 201
169 203
169 210
169 215
169 220
169 239
169 241
169 270
169 273
169 281
169 284
169 292
169 295
170 216
170 220
170 293
171 190
171 210
171 215
171 219
171 224
171 228
171 229
171 241
171 273
171 275
171 295
172 179
172 184
172 203
172 212
172 215
172 224
172 226
172 233
172 236
172 241
172 247
172 252
172 256
172 267
172 270
172 281
172 284
172 294
172 295
173 177
173 197
173 212
173 237
173 256
173 275
174 176
174 190
174 270
174 276
174 284
174 296
175 215
175 241
175 247
175 256
175 259
175 271
175 274
175 295
175 300
176 215
176 241
176 276
176 295
177 197
177 203
177 241
177 247
177 295
178 186
178 195
178 203
178 215
178 233
178 239
178 241
178 247
178 264
178 281
178 294
178 295
178 300
179 236
179 256
179 273
180 186
180 193
180 209
180 229
180 241
180 273
180 285
180 295
181 257
181 274
181 292
182 185
182 188
182 223
182 260
182 279
183 243
183 290
183 300
184 203
184 210
184 215
184 228
184 239
184 240
184 241
184 264
184 270
184 271
184 273
184 284
184 295
185 195
185 256
185 263
185 296
186 193
186 203
186 210
186 211
186 215
186 217
186 224
186 235
186 236
186 239
186 241
186 254
186 255
186 256
186 270
186 273
186 281
186 284
186 289
186 295
187 210
187 219
187 261
187 295
188 193
188 210
188 215
188 219
188 224
188 239
188 241
188 247
188 254
188 270
188 273
188 275
188 279
188 281
188 284
188 295
189 214
189 217
189 230
189 242
189 246
189 268
189 281
189 284
189 295
190 203
190 211
190 229
190 234
190 243
190 272
191 252
191 288
192 228
193 203
193 210
193 215
193 219
193 224
193 239
193 241
193 247
193 270
193 273
193 281
193 284
193 295
194 210
194 213
194 215
194 219
194 224
194 239
194 241
194 266
194 281
194 284
194 295
194 296
195 201
195 218
195 269
196 233
196 287
196 292
196 295
197 244
197 253
197 275
198 227
198 270
198 289
199 215
199 237
199 241
199 278
199 295
200 208
200 231
200 259
201 215
201 226
201 230
201 236
201 238
201 260
201 277
201 295
202 209
202 215
202 282
202 290
202 295
203 207
203 210
203 211
203 214
203 215
203 217
203 218
203 219
203 223
203 224
203 226
203 233
203 238
203 239
203 240
203 241
203 247
203 254
203 256
203 273
203 274
203 281
203 285
203 288
203 295
204 228
204 236
204 250
204 255
204 285
204 287
204 295
205 226
205 286
205 297
206 226
206 230
206 239
206 251
207 215
207 217
207 224
207 233
207 241
207 273
207 281
207 284
207 295
208 267
208 286
209 225
210 215
210 218
210 219
210 220
210 224
210 226
210 236
210 238
210 239
210 241
210 247
210 254
210 258
210 259
210 270
210 273
210 281
210 284
210 287
210 295
211 215
211 224
211 241
211 260
211 270
211 276
211 295
212 215
212 291
214 222
214 224
214 254
214 261
214 273
214 279
214 300
215 216
215 218
215 219
215 223
215 224
215 226
215 231
215 233
215 236
215 239
215 241
215 247
215 254
215 256
215 258
215 267
215 270
215 273
215 275
215 276
215 281
215 284
215 287
215 288
215 290
215 294
215 295
217 224
217 241
217 250
217 256
217 273
217 275
217 281
217 284
217 295
218 220
218 224
218 227
218 231
218 239
218 241
218 242
218 258
218 273
218 284
218 295
219 224
219 226
219 241
219 254
219 258
219 273
219 278
219 281
219 284
219 293
219 295
220 269
221 233
221 258
222 252
222 294
223 277
223 278
223 295
224 226
224 233
224 234
224 236
224 238
224 239
224 241
224 247
224 254
224 256
224 258
224 270
224 271
224 273
224 275
224 277
224 281
224 284
224 295
225 252
225 279
225 280
226 236
226 239
226 241
226 247
226 254
226 256
226 270
226 273
226 281
226 284
226 295
227 230
227 250
227 272
228 239
228 242
228 251
229 276
229 277
229 298
230 244
230 289
230 295
230 297
231 260
231 261
231 262
231 275
231 277
231 295
232 241
233 241
233 249
233 273
233 284
233 294
233 295
234 241
234 294
234 295
235 258
236 239
236 241
236 250
236 270
236 284
236 295
237 243
237 272
238 239
238 241
238 254
238 284
238 295
239 241
239 247
239 256
239 258
239 273
239 281
239 284
239 295
240 241
240 271
240 281
240 295
241 247
241 248
241 249
241 254
241 256
241 258
241 267
241 270
241 271
241 273
241 275
241 277
241 281
241 284
241 285
241 287
241 288
241 294
241 295
242 263
242 295
243 272
244 264
245 265
245 269
246 299
247 254
247 270
247 273
247 281
247 284
247 295
248 295
249 262
249 264
249 279
249 295
250 272
250 290
250 295
252 256
252 282
252 290
253 295
254 268
254 273
254 281
254 284
254 295
254 300
255 290
255 295
256 263
256 275
256 281
256 284
256 294
256 295
257 293
257 300
258 264
258 270
258 273
258 281
258 284
258 295
259 265
260 280
260 299
261 295
262 269
262 274
262 275
264 289
266 274
266 288
266 295
266 297
267 274
267 286
267 293
267 295
269 276
269 288
270 281
270 284
270 287
270 295
271 283
273 281
273 284
273 295
275 281
275 284
275 295
276 288
276 295
277 295
278 281
279 286
279 295
281 284
281 294
281 295
281 296
283 288
284 285
284 288
284 295
284 300
285 290
285 293
285 295
286 298
287 295
288 297
291 300
294 295
295 300
