1 30
1 32
1 59
1 105
1 120
1 133
1 183
1 239
2 13
2 16
2 36
2 48
2 58
2 67
2 76
2 83
2 101
2 113
2 142
2 183
2 300
3 66
3 76
3 93
3 108
3 112
3 120
3 132
3 170
3 237
3 259
3 270
4 86
4 96
4 122
4 176
4 270
5 55
5 89
5 97
5 133
5 145
5 182
5 201
6 21
6 92
6 101
6 143
6 169
6 205
6 211
6 237
6 276
7 17
7 55
7 70
7 71
7 152
7 190
7 216
7 218
7 300
8 100
8 108
8 144
8 151
9 66
9 130
9 148
9 189
10 85
10 168
10 215
10 238
10 258
10 280
11 19
11 105
11 120
11 134
11 168
11 179
11 183
11 198
11 210
11 252
11 283
11 286
12 36
12 67
12 83
12 113
12 160
12 183
12 189
12 231
12 284
12 286
12 291
12 300
13 32
13 52
13 93
13 106
13 107
13 163
13 226
13 244
13 261
13 271
14 40
14 82
14 144
14 152
14 189
14 192
14 210
14 225
14 247
14 253
14 257
14 283
15 31
15 35
15 60
15 129
15 158
15 159
15 195
15 222
15 270
15 280
15 282
15 283
16 36
16 38
16 149
16 183
16 291
16 296
16 298
17 39
17 48
17 65
17 176
17 199
17 223
18 181
18 209
18 245
18 269
19 30
19 48
19 80
19 163
19 168
19 189
19 249
20 47
20 67
20 129
20 188
20 193
20 195
20 281
21 37
21 69
21 77
21 91
21 101
21 130
21 140
21 153
21 186
21 214
21 217
21 228
21 272
22 142
22 145
22 189
23 60
23 93
23 150
23 246
24 45
24 79
24 269
25 43
25 55
25 129
25 165
25 179
25 183
25 188
25 189
25 208
25 291
26 29
26 58
26 65
26 67
26 83
26 85
26 106
26 113
26 114
26 118
26 128
26 145
26 146
26 152
26 183
26 184
26 191
26 215
26 222
26 300
27 66
27 73
27 171
27 183
27 264
27 283
28 45
28 58
28 92
28 204
28 261
28 268
29 93
29 121
29 133
29 214
29 233
29 259
30 34
30 143
30 151
30 209
30 239
30 260
31 67
31 116
31 119
31 169
31 178
31 187
31 193
31 210
31 300
32 42
32 50
32 163
32 167
32 234
33 65
33 82
33 111
33 119
33 223
33 270
34 49
34 73
34 82
34 93
34 124
34 150
34 169
34 184
34 193
34 235
34 236
35 107
35 200
35 228
35 237
35 242
35 246
35 257
35 275
35 282
36 37
36 58
36 60
36 67
36 83
36 85
36 113
36 170
36 183
36 190
36 203
36 257
36 282
36 300
37 43
37 56
37 59
37 90
37 266
38 44
38 99
38 129
39 53
39 181
39 189
39 227
39 241
39 246
39 254
40 47
40 113
40 128
40 145
40 208
40 225
40 287
41 45
41 56
41 145
41 251
42 141
42 223
43 98
43 100
43 129
43 179
43 238
43 266
43 298
44 89
44 112
44 152
44 197
44 201
44 226
44 276
44 282
45 134
45 152
45 229
45 240
46 50
46 79
46 91
46 136
46 155
46 177
46 194
46 224
46 269
47 67
47 183
47 285
47 300
48 58
48 93
48 116
48 183
48 215
48 233
48 235
48 237
48 250
48 253
49 95
49 102
49 124
49 169
49 175
49 183
49 184
49 204
49 236
49 250
50 73
50 81
50 93
50 96
50 146
50 231
50 267
50 269
50 292
51 64
51 97
51 132
51 182
51 224
52 53
52 93
52 108
52 127
52 145
52 154
52 195
52 204
52 266
53 132
53 164
53 167
53 168
53 213
53 250
53 255
53 256
53 286
54 56
54 171
55 56
55 73
55 87
55 103
55 105
55 175
55 271
56 79
56 131
56 212
56 228
56 237
56 266
57 77
57 129
57 162
57 167
57 177
57 196
57 207
57 240
57 283
58 67
58 68
58 76
58 83
58 101
58 113
58 118
58 141
58 151
58 172
58 183
58 188
58 192
58 201
58 268
58 274
58 300
59 96
59 173
59 187
59 191
59 202
59 216
59 222
59 257
59 272
59 282
60 81
60 112
60 131
60 135
60 172
60 190
60 195
60 209
60 212
60 218
60 225
61 67
61 77
61 86
61 138
61 164
61 177
61 181
61 208
61 221
61 236
61 259
62 110
62 196
62 204
62 287
63 71
63 77
63 107
63 142
63 153
63 169
63 183
63 189
63 199
63 201
63 237
63 272
64 80
64 133
64 237
64 240
65 88
65 104
65 146
65 154
65 156
65 241
65 287
66 74
66 174
66 183
66 234
66 284
66 300
67 76
67 83
67 85
67 92
67 113
67 118
67 131
67 152
67 155
67 183
67 184
67 193
67 202
67 208
67 210
67 215
67 232
67 255
67 257
67 277
67 279
67 300
68 101
68 109
68 122
68 247
69 107
69 113
69 179
69 190
69 195
69 217
69 227
69 230
69 246
69 275
69 297
70 108
70 129
70 169
70 175
70 186
70 230
70 243
70 252
70 259
71 92
71 171
71 185
72 78
72 139
72 148
72 171
72 242
72 274
72 277
73 137
73 145
73 158
73 188
73 254
74 81
74 96
74 126
74 183
74 274
74 285
75 89
75 101
75 120
75 183
75 283
76 133
76 151
76 197
76 208
76 294
77 94
77 142
77 201
77 297
78 87
78 140
78 142
78 149
78 194
78 263
79 94
79 125
79 177
79 183
79 184
79 187
79 190
79 232
79 300
80 83
80 117
80 213
80 219
80 249
80 253
80 257
80 291
81 93
81 128
81 160
81 189
81 250
82 174
82 223
83 85
83 99
83 113
83 118
83 128
83 131
83 156
83 183
83 184
83 192
83 198
83 210
83 212
83 215
83 219
83 227
83 238
83 255
83 270
83 300
84 87
84 125
84 188
84 213
84 227
84 283
85 166
85 183
85 300
86 89
86 144
86 157
86 231
86 251
86 252
87 126
87 162
87 201
87 218
87 227
88 112
88 113
88 157
88 164
88 166
88 168
88 212
88 265
88 285
89 153
89 200
89 211
89 266
89 293
90 110
90 145
90 150
90 153
90 163
90 223
90 229
90 250
91 125
91 145
91 150
91 173
91 186
91 212
91 288
92 164
92 183
92 186
92 194
92 199
92 246
92 261
92 275
92 284
92 300
93 101
93 179
93 184
93 227
94 192
95 96
95 117
95 238
96 192
96 202
96 207
96 220
96 284
97 101
97 118
97 182
97 188
97 263
97 295
98 126
98 183
98 227
98 232
98 280
99 149
99 183
99 237
99 241
100 104
100 113
100 125
100 143
100 181
100 219
100 299
101 131
101 138
101 186
101 231
101 259
101 271
101 285
101 290
102 138
102 179
102 204
102 234
102 236
102 245
102 297
103 111
103 158
103 191
103 238
103 258
103 293
104 108
104 126
104 238
104 239
104 271
104 274
104 300
106 130
106 201
107 198
107 228
107 257
108 144
108 259
108 270
108 271
108 292
109 120
109 170
109 183
109 250
109 276
110 154
110 170
110 181
110 216
110 224
110 292
111 141
111 195
111 225
111 233
111 245
112 152
112 174
112 200
112 221
112 230
112 244
112 298
113 118
113 131
113 155
113 169
113 183
113 184
113 210
113 215
113 219
113 227
113 241
113 271
113 300
114 160
114 188
114 258
114 282
115 190
115 203
115 274
115 289
116 198
116 236
116 237
116 262
116 289
117 159
117 196
117 244
118 124
118 135
118 140
118 175
118 183
118 252
118 255
118 263
118 265
118 300
119 139
119 149
119 191
119 210
119 264
120 178
120 183
120 228
120 238
120 254
121 133
121 157
121 161
121 183
121 184
121 200
122 130
122 138
122 187
122 224
122 300
123 281
124 236
124 278
125 126
125 158
125 162
125 213
125 238
125 244
126 162
126 183
126 287
127 187
127 224
127 254
128 175
128 183
128 300
129 133
129 154
129 186
129 212
129 237
129 252
130 201
130 213
130 215
130 254
130 273
131 183
131 300
132 171
132 204
132 220
132 264
132 269
132 298
133 164
133 190
133 242
133 250
133 259
134 178
134 260
134 266
134 270
135 151
135 240
135 249
135 267
136 208
136 232
136 299
137 152
137 153
137 157
137 224
137 248
138 147
138 148
138 194
138 297
139 146
139 153
139 175
139 210
139 275
140 149
140 232
140 245
141 252
141 268
142 145
142 150
142 161
142 170
142 172
142 183
142 201
142 211
142 213
142 248
142 286
142 297
143 151
143 210
143 300
144 155
144 167
144 238
144 247
144 270
145 158
145 168
146 174
146 258
146 285
147 153
147 155
147 165
147 278
147 283
148 172
148 186
148 198
148 207
148 226
148 252
148 267
148 270
148 274
149 168
149 245
149 266
150 164
150 181
150 215
150 275
151 185
151 230
151 231
151 273
152 156
152 164
152 166
152 183
152 187
152 188
152 192
152 296
152 300
153 155
153 157
153 167
153 225
153 228
154 224
154 276
155 163
155 178
155 183
155 204
155 282
156 161
156 183
156 199
156 214
156 221
156 246
156 280
156 286
157 183
157 193
157 203
157 250
158 237
158 272
158 275
158 287
159 209
159 226
159 244
159 272
159 296
160 179
160 201
160 243
160 289
161 272
162 198
162 246
164 172
164 202
165 182
165 267
165 274
165 276
165 286
165 298
166 205
166 263
167 178
167 192
167 264
167 293
168 187
168 211
168 242
169 183
169 201
169 220
169 292
170 189
170 220
170 261
170 293
171 194
171 295
172 201
172 210
172 212
172 252
172 294
173 253
173 256
173 259
173 275
174 176
174 190
174 270
174 276
174 296
174 297
175 205
175 259
175 274
176 276
177 187
177 197
177 247
177 261
178 195
179 237
179 273
180 229
180 285
181 208
181 292
182 189
182 223
182 260
182 279
183 184
183 190
183 191
183 192
183 203
183 210
183 212
183 215
183 219
183 222
183 227
183 228
183 238
183 249
183 251
183 254
183 255
183 257
183 286
183 293
183 298
183 300
184 228
184 264
184 300
185 195
185 212
185 256
185 263
186 235
186 255
186 289
187 210
187 261
188 279
189 192
189 214
189 242
189 257
189 268
189 284
190 203
190 217
190 229
190 243
192 228
192 257
192 283
192 300
194 210
194 213
194 266
194 300
195 201
195 218
195 269
195 270
196 233
196 287
196 292
196 295
197 294
198 270
199 259
199 278
200 208
200 259
201 226
201 238
201 260
201 277
202 209
202 257
202 282
203 214
203 223
203 247
203 274
203 288
204 236
204 250
204 255
204 287
204 295
205 286
206 251
207 298
208 264
208 267
210 226
210 259
210 289
210 300
211 260
211 276
212 300
213 270
214 261
214 273
214 277
215 223
215 300
216 262
217 250
217 281
218 227
219 249
219 278
219 293
219 300
220 239
221 233
221 258
222 252
222 300
223 245
223 277
223 278
223 295
223 297
224 238
224 276
224 277
225 280
225 295
227 229
227 230
227 300
228 239
228 251
228 257
228 300
229 277
230 244
230 289
230 297
231 260
231 262
231 275
232 241
233 249
234 294
235 258
236 250
237 243
237 265
240 271
240 295
243 272
245 265
245 269
246 299
249 264
249 300
252 255
252 256
252 282
253 258
253 298
254 291
254 300
255 290
255 300
256 263
256 275
257 282
257 293
257 300
258 264
259 265
260 280
260 299
261 271
262 274
262 275
264 275
264 289
266 274
266 283
266 297
267 274
267 286
274 286
275 280
275 295
276 288
277 300
279 286
281 296
283 288
284 288
284 300
286 298
289 295
291 300
