1 19
1 30
1 32
1 59
1 105
1 120
1 133
1 183
1 239
1 260
2 12
2 13
2 16
2 26
2 36
2 48
2 58
2 67
2 76
2 83
2 85
2 92
2 99
2 101
2 113
2 118
2 128
2 142
2 152
2 183
2 190
2 192
2 198
2 210
2 215
2 219
2 293
2 300
3 66
3 76
3 93
3 108
3 112
3 120
3 125
3 132
3 170
3 237
3 259
3 270
4 86
4 96
4 122
4 176
4 183
4 195
4 270
4 300
5 26
5 55
5 76
5 89
5 97
5 133
5 145
5 182
5 183
5 201
5 282
6 21
6 92
6 101
6 143
6 169
6 190
6 205
6 211
6 237
6 276
7 17
7 55
7 70
7 71
7 87
7 152
7 190
7 216
7 218
7 229
7 300
8 100
8 108
8 144
8 151
8 167
8 183
8 215
8 238
9 66
9 67
9 130
9 148
9 189
9 280
10 85
10 168
10 215
10 238
10 258
10 280
11 19
11 105
11 120
11 134
11 168
11 179
11 183
11 198
11 210
11 252
11 283
11 286
12 16
12 26
12 36
12 49
12 58
12 67
12 80
12 83
12 85
12 92
12 113
12 118
12 152
12 160
12 183
12 184
12 189
12 210
12 215
12 219
12 231
12 238
12 284
12 286
12 291
12 300
13 32
13 52
13 58
13 85
13 93
13 106
13 107
13 113
13 163
13 173
13 220
13 226
13 244
13 261
13 266
13 271
14 40
14 82
14 144
14 152
14 189
14 192
14 200
14 210
14 225
14 247
14 253
14 257
14 283
15 31
15 35
15 60
15 129
15 158
15 159
15 195
15 222
15 228
15 270
15 280
15 282
15 283
16 26
16 36
16 38
16 67
16 83
16 113
16 145
16 149
16 169
16 183
16 291
16 296
16 298
16 300
17 26
17 39
17 48
17 65
17 67
17 83
17 113
17 120
17 152
17 156
17 176
17 183
17 199
17 215
17 223
17 277
17 300
18 120
18 147
18 181
18 195
18 209
18 245
18 269
19 30
19 48
19 80
19 93
19 154
19 163
19 168
19 189
19 233
19 239
19 249
20 47
20 67
20 90
20 129
20 144
20 188
20 193
20 195
20 280
20 281
21 37
21 69
21 77
21 91
21 101
21 127
21 130
21 135
21 140
21 153
21 186
21 214
21 217
21 228
21 272
22 142
22 145
22 187
22 189
23 59
23 60
23 93
23 137
23 150
23 155
23 246
24 45
24 79
24 134
24 183
24 190
24 229
24 269
24 288
25 43
25 55
25 83
25 113
25 116
25 129
25 152
25 165
25 179
25 183
25 188
25 189
25 208
25 240
25 286
25 291
25 300
26 29
26 36
26 47
26 48
26 49
26 58
26 65
26 67
26 83
26 85
26 92
26 99
26 106
26 113
26 114
26 118
26 128
26 131
26 140
26 145
26 146
26 152
26 156
26 183
26 184
26 191
26 192
26 210
26 215
26 219
26 222
26 238
26 255
26 293
26 300
27 66
27 70
27 73
27 83
27 171
27 174
27 183
27 236
27 264
27 283
28 45
28 58
28 92
28 204
28 261
28 268
29 93
29 121
29 133
29 214
29 233
29 259
30 34
30 49
30 143
30 151
30 184
30 209
30 239
30 260
30 300
31 34
31 36
31 67
31 116
31 119
31 169
31 178
31 183
31 187
31 193
31 195
31 210
31 300
32 42
32 50
32 108
32 163
32 167
32 234
32 269
32 294
33 65
33 67
33 82
33 111
33 113
33 118
33 119
33 183
33 210
33 223
33 270
33 300
34 49
34 73
34 82
34 93
34 124
34 150
34 169
34 184
34 193
34 235
34 236
35 107
35 200
35 228
35 237
35 242
35 246
35 257
35 275
35 282
36 37
36 49
36 54
36 58
36 60
36 67
36 69
36 76
36 83
36 85
36 92
36 107
36 112
36 113
36 115
36 118
36 128
36 152
36 170
36 176
36 183
36 190
36 192
36 203
36 210
36 215
36 217
36 222
36 227
36 238
36 241
36 249
36 255
36 257
36 282
36 283
36 293
36 300
37 43
37 56
37 59
37 90
37 266
38 44
38 99
38 129
39 53
39 181
39 189
39 227
39 241
39 246
39 254
40 47
40 83
40 113
40 128
40 145
40 183
40 208
40 225
40 287
40 300
41 45
41 56
41 145
41 212
41 226
41 251
41 269
42 96
42 141
42 223
43 98
43 100
43 129
43 179
43 183
43 238
43 266
43 298
44 89
44 93
44 112
44 133
44 152
44 197
44 201
44 226
44 276
44 281
44 282
45 134
45 152
45 229
45 240
46 50
46 79
46 89
46 91
46 136
46 155
46 177
46 194
46 224
46 264
46 269
47 58
47 67
47 83
47 116
47 152
47 183
47 184
47 208
47 215
47 238
47 285
47 300
48 58
48 67
48 79
48 83
48 93
48 113
48 116
48 172
48 183
48 184
48 205
48 215
48 219
48 220
48 233
48 235
48 237
48 250
48 253
48 267
49 67
49 82
49 83
49 93
49 95
49 102
49 113
49 118
49 124
49 169
49 175
49 181
49 183
49 184
49 204
49 235
49 236
49 250
49 300
50 56
50 73
50 81
50 93
50 96
50 146
50 165
50 231
50 267
50 269
50 292
51 64
51 97
51 129
51 132
51 182
51 224
51 240
51 288
52 53
52 93
52 108
52 127
52 145
52 154
52 195
52 204
52 224
52 266
53 132
53 148
53 164
53 167
53 168
53 213
53 250
53 255
53 256
53 286
54 56
54 171
55 56
55 73
55 87
55 103
55 105
55 175
55 271
55 288
56 79
56 131
56 212
56 228
56 237
56 266
57 77
57 126
57 129
57 148
57 162
57 167
57 177
57 183
57 196
57 207
57 240
57 283
58 63
58 67
58 68
58 76
58 83
58 85
58 92
58 99
58 101
58 107
58 113
58 118
58 121
58 128
58 141
58 151
58 152
58 172
58 183
58 185
58 188
58 189
58 192
58 201
58 210
58 215
58 219
58 222
58 227
58 228
58 238
58 255
58 268
58 274
58 286
58 294
58 300
59 96
59 140
59 149
59 164
59 173
59 177
59 187
59 191
59 202
59 216
59 222
59 257
59 272
59 282
60 81
60 112
60 131
60 135
60 172
60 190
60 195
60 209
60 212
60 218
60 225
60 279
61 67
61 76
61 77
61 86
61 138
61 164
61 177
61 181
61 208
61 221
61 236
61 259
62 110
62 158
62 196
62 204
62 287
62 292
62 295
63 71
63 77
63 107
63 113
63 120
63 142
63 153
63 169
63 183
63 189
63 199
63 201
63 228
63 237
63 272
64 80
64 133
64 237
64 240
64 249
64 279
65 88
65 104
65 146
65 154
65 156
65 224
65 241
65 287
66 74
66 143
66 174
66 183
66 234
66 284
66 300
67 76
67 83
67 85
67 92
67 99
67 113
67 118
67 123
67 128
67 131
67 152
67 155
67 170
67 176
67 183
67 184
67 185
67 192
67 193
67 202
67 208
67 210
67 212
67 215
67 219
67 221
67 222
67 227
67 232
67 238
67 249
67 255
67 257
67 268
67 277
67 278
67 279
67 283
67 286
67 293
67 296
67 299
67 300
68 101
68 109
68 122
68 183
68 247
69 107
69 113
69 179
69 190
69 195
69 217
69 227
69 230
69 246
69 275
69 297
70 83
70 108
70 113
70 129
70 169
70 175
70 183
70 186
70 230
70 243
70 252
70 259
70 300
71 92
71 171
71 183
71 185
71 300
72 78
72 131
72 139
72 148
72 171
72 242
72 274
72 277
73 137
73 145
73 158
73 188
73 254
73 288
74 81
74 96
74 112
74 126
74 183
74 274
74 285
75 89
75 101
75 120
75 183
75 226
75 271
75 283
76 113
76 118
76 124
76 133
76 151
76 183
76 197
76 208
76 215
76 249
76 259
76 294
76 300
77 88
77 94
77 142
77 201
77 297
78 87
78 140
78 142
78 149
78 194
78 230
78 263
79 83
79 94
79 113
79 125
79 177
79 183
79 184
79 187
79 190
79 192
79 215
79 220
79 228
79 232
79 300
80 83
80 117
80 213
80 219
80 249
80 253
80 257
80 291
81 93
81 128
81 160
81 163
81 189
81 250
81 257
82 113
82 174
82 223
83 85
83 92
83 99
83 113
83 118
83 121
83 128
83 131
83 142
83 150
83 152
83 156
83 169
83 183
83 184
83 185
83 192
83 198
83 210
83 212
83 215
83 219
83 221
83 222
83 227
83 238
83 249
83 255
83 257
83 270
83 277
83 278
83 286
83 293
83 296
83 299
83 300
84 87
84 125
84 142
84 188
84 201
84 213
84 227
84 283
85 113
85 118
85 131
85 166
85 183
85 184
85 210
85 215
85 238
85 255
85 283
85 293
85 300
86 89
86 144
86 153
86 157
86 167
86 231
86 251
86 252
86 256
87 99
87 126
87 162
87 175
87 183
87 201
87 218
87 227
87 230
87 246
88 112
88 113
88 157
88 164
88 166
88 168
88 212
88 265
88 285
89 153
89 200
89 211
89 225
89 266
89 288
89 293
90 110
90 145
90 150
90 153
90 163
90 175
90 223
90 229
90 250
90 290
91 125
91 145
91 150
91 173
91 186
91 212
91 288
92 113
92 164
92 183
92 186
92 192
92 194
92 199
92 213
92 246
92 261
92 275
92 284
92 300
93 101
93 179
93 184
93 227
94 112
94 173
94 192
94 232
95 96
95 117
95 238
96 192
96 202
96 207
96 220
96 282
96 284
97 101
97 118
97 182
97 188
97 263
97 295
98 126
98 183
98 227
98 232
98 280
99 118
99 149
99 183
99 185
99 215
99 219
99 237
99 241
99 293
99 300
100 104
100 113
100 125
100 143
100 144
100 181
100 201
100 219
100 224
100 299
101 131
101 138
101 186
101 198
101 231
101 253
101 259
101 271
101 285
101 290
102 113
102 128
102 138
102 179
102 183
102 204
102 234
102 236
102 245
102 255
102 271
102 297
102 300
103 111
103 158
103 191
103 238
103 258
103 293
104 108
104 126
104 238
104 239
104 271
104 274
104 300
105 134
105 150
105 183
106 130
106 201
107 128
107 183
107 198
107 228
107 257
107 300
108 144
108 231
108 240
108 247
108 259
108 270
108 271
108 292
109 120
109 170
109 183
109 250
109 269
109 276
110 154
110 170
110 181
110 216
110 224
110 292
111 141
111 195
111 225
111 233
111 245
112 152
112 174
112 200
112 221
112 230
112 244
112 270
112 289
112 298
113 118
113 121
113 123
113 128
113 131
113 142
113 150
113 152
113 155
113 156
113 169
113 183
113 184
113 185
113 192
113 203
113 204
113 210
113 215
113 219
113 222
113 227
113 230
113 238
113 241
113 249
113 253
113 255
113 257
113 271
113 277
113 279
113 286
113 293
113 296
113 299
113 300
114 160
114 188
114 258
114 282
115 183
115 190
115 203
115 274
115 289
116 198
116 236
116 237
116 262
116 275
116 289
117 159
117 196
117 244
118 121
118 124
118 131
118 135
118 140
118 152
118 155
118 175
118 183
118 192
118 210
118 215
118 222
118 227
118 252
118 255
118 263
118 265
118 300
119 139
119 149
119 190
119 191
119 210
119 264
120 178
120 183
120 228
120 238
120 254
120 298
121 133
121 157
121 161
121 183
121 184
121 192
121 200
121 285
121 300
122 130
122 138
122 183
122 187
122 215
122 217
122 224
122 300
123 183
123 281
123 300
124 236
124 267
124 278
125 126
125 155
125 158
125 162
125 213
125 238
125 244
125 287
126 147
126 162
126 181
126 183
126 246
126 287
127 187
127 224
127 249
127 254
128 152
128 175
128 183
128 192
128 201
128 208
128 215
128 219
128 257
128 300
129 133
129 154
129 158
129 186
129 195
129 212
129 224
129 237
129 252
130 151
130 201
130 213
130 215
130 254
130 273
131 152
131 169
131 183
131 184
131 185
131 215
131 238
131 300
132 171
132 204
132 220
132 264
132 269
132 298
133 164
133 190
133 242
133 250
133 259
134 178
134 260
134 266
134 270
135 142
135 151
135 240
135 249
135 267
136 208
136 232
136 299
137 152
137 153
137 157
137 224
137 248
138 147
138 148
138 174
138 194
138 297
139 142
139 146
139 153
139 175
139 210
139 275
140 149
140 228
140 232
140 245
141 252
141 268
142 145
142 150
142 161
142 170
142 172
142 176
142 183
142 201
142 211
142 212
142 213
142 248
142 286
142 297
143 151
143 210
143 226
143 300
144 155
144 167
144 238
144 247
144 270
145 158
145 168
145 184
146 174
146 258
146 285
147 153
147 155
147 165
147 278
147 283
148 172
148 186
148 198
148 207
148 226
148 252
148 267
148 270
148 274
149 168
149 191
149 231
149 245
149 246
149 266
149 300
150 164
150 181
150 183
150 215
150 275
150 300
151 159
151 185
151 230
151 231
151 273
151 296
151 299
152 153
152 156
152 164
152 166
152 183
152 187
152 188
152 192
152 208
152 210
152 215
152 219
152 248
152 278
152 283
152 296
152 300
153 155
153 157
153 167
153 225
153 228
153 250
154 165
154 224
154 276
155 163
155 178
155 183
155 192
155 201
155 204
155 282
155 298
155 300
156 161
156 183
156 199
156 214
156 221
156 246
156 280
156 286
157 183
157 193
157 203
157 250
157 282
158 191
158 195
158 204
158 237
158 250
158 272
158 275
158 283
158 287
158 293
159 209
159 226
159 227
159 244
159 253
159 272
159 296
160 179
160 201
160 243
160 289
161 272
162 198
162 246
162 263
163 238
164 172
164 178
164 202
165 182
165 267
165 274
165 276
165 286
165 298
166 205
166 263
166 293
167 178
167 192
167 264
167 293
168 187
168 202
168 211
168 242
169 183
169 201
169 219
169 220
169 292
169 300
170 183
170 189
170 220
170 259
170 261
170 293
170 300
171 194
171 228
171 295
172 201
172 210
172 212
172 252
172 294
173 253
173 256
173 259
173 275
174 176
174 190
174 270
174 276
174 296
174 297
175 205
175 259
175 274
176 183
176 276
176 300
177 187
177 197
177 210
177 247
177 261
177 294
178 195
179 183
179 237
179 273
180 193
180 229
180 285
181 208
181 252
181 257
181 292
182 185
182 189
182 223
182 260
182 279
183 184
183 185
183 190
183 191
183 192
183 195
183 203
183 204
183 208
183 210
183 211
183 212
183 215
183 219
183 221
183 222
183 227
183 228
183 238
183 242
183 249
183 251
183 253
183 254
183 255
183 256
183 257
183 268
183 274
183 277
183 278
183 283
183 286
183 293
183 296
183 298
183 299
183 300
184 215
184 219
184 228
184 238
184 249
184 264
184 300
185 195
185 212
185 215
185 256
185 263
185 300
186 228
186 235
186 255
186 289
187 210
187 219
187 261
188 279
189 192
189 214
189 217
189 230
189 242
189 254
189 257
189 268
189 284
190 203
190 217
190 229
190 243
190 300
191 252
192 208
192 215
192 228
192 247
192 257
192 283
192 293
192 300
194 210
194 213
194 266
194 300
195 201
195 218
195 269
195 270
195 283
196 233
196 287
196 292
196 295
197 253
197 294
198 270
199 259
199 278
200 208
200 259
201 226
201 238
201 260
201 277
201 297
202 209
202 257
202 282
202 290
203 214
203 215
203 223
203 247
203 274
203 288
203 300
204 236
204 250
204 255
204 287
204 295
205 286
206 226
206 251
207 298
208 249
208 264
208 267
210 219
210 226
210 247
210 259
210 289
210 300
211 260
211 270
211 276
211 300
212 215
212 265
212 300
213 270
214 222
214 261
214 273
214 277
214 279
215 219
215 222
215 223
215 227
215 228
215 238
215 255
215 300
216 262
217 250
217 281
218 227
218 273
219 222
219 238
219 249
219 278
219 293
219 300
220 239
220 269
221 233
221 253
221 258
222 252
222 300
223 245
223 277
223 278
223 295
223 297
224 238
224 276
224 277
224 297
225 280
225 290
225 295
227 229
227 230
227 249
227 250
227 272
227 300
228 238
228 239
228 251
228 257
228 300
229 277
229 298
230 244
230 289
230 297
231 260
231 261
231 262
231 267
231 275
232 241
233 249
234 294
235 258
236 250
237 243
237 257
237 259
237 265
238 255
238 300
239 260
240 271
240 295
242 263
242 300
243 272
244 272
245 265
245 269
246 254
246 299
249 264
249 300
252 255
252 256
252 282
252 290
253 258
253 298
254 291
254 300
255 290
255 300
256 263
256 275
257 282
257 293
257 300
258 264
259 265
259 270
260 280
260 299
261 271
262 274
262 275
264 275
264 289
266 274
266 283
266 297
267 274
267 286
267 293
268 297
268 300
269 276
269 288
274 286
275 280
275 295
276 288
277 300
278 300
279 286
281 296
283 288
283 300
284 288
284 300
286 293
286 298
289 295
291 300
296 300
299 300
