1 28
1 30
1 59
1 105
1 120
1 133
1 212
2 16
2 48
2 76
2 103
2 121
2 135
2 163
2 190
2 281
2 293
3 112
3 120
3 132
3 170
3 259
3 270
4 16
4 24
4 39
4 86
4 96
4 193
4 195
4 215
4 224
4 241
4 295
5 45
5 97
5 145
5 182
5 201
5 282
5 295
6 71
6 88
6 92
6 101
6 144
6 169
6 190
6 205
6 295
7 45
7 55
7 71
7 139
7 152
7 240
7 300
8 32
8 100
8 108
8 151
8 153
8 167
8 215
8 246
8 296
9 66
9 67
9 130
9 148
9 280
10 85
10 178
10 215
10 238
10 245
10 280
11 24
11 43
11 89
11 117
11 134
11 139
11 143
11 179
11 198
11 210
11 252
11 279
11 283
11 286
11 295
12 16
12 24
12 46
12 79
12 80
12 86
12 134
12 153
12 160
12 189
12 210
12 215
12 218
12 224
12 231
12 241
12 284
12 295
13 31
13 60
13 106
13 107
13 113
13 151
13 163
13 173
13 220
13 261
13 266
13 271
14 48
14 62
14 82
14 116
14 144
14 152
14 189
14 200
14 253
14 257
14 279
14 283
15 31
15 34
15 35
15 60
15 114
15 159
15 193
15 195
15 222
15 270
15 282
15 283
16 24
16 36
16 38
16 96
16 100
16 135
16 137
16 145
16 157
16 169
16 210
16 215
16 224
16 239
16 241
16 273
16 281
16 284
16 291
16 295
16 296
16 298
17 48
17 120
17 189
17 223
17 269
17 292
18 27
18 147
18 234
18 269
19 34
19 48
19 80
19 154
19 163
19 189
19 233
20 24
20 90
20 144
20 176
20 188
20 195
20 243
20 263
20 280
20 281
20 295
21 37
21 69
21 88
21 101
21 127
21 135
21 140
21 153
21 167
21 214
21 217
21 228
21 272
21 294
22 45
22 91
22 142
22 145
22 161
22 174
22 187
22 189
23 60
23 93
23 155
23 235
23 246
24 29
24 36
24 46
24 49
24 51
24 52
24 56
24 59
24 82
24 85
24 89
24 96
24 100
24 101
24 114
24 121
24 123
24 128
24 129
24 132
24 134
24 137
24 143
24 150
24 153
24 155
24 169
24 172
24 178
24 184
24 186
24 188
24 193
24 194
24 201
24 203
24 207
24 210
24 215
24 218
24 219
24 224
24 226
24 233
24 236
24 239
24 240
24 241
24 247
24 254
24 256
24 258
24 267
24 269
24 270
24 273
24 275
24 276
24 281
24 284
24 288
24 294
24 295
25 43
25 116
25 165
25 179
25 188
25 189
25 208
25 286
26 29
26 49
26 54
26 65
26 68
26 114
26 146
26 191
27 73
27 174
27 229
27 236
27 264
27 271
27 289
28 45
28 64
28 242
28 268
29 133
29 215
29 234
29 241
29 295
30 34
30 143
30 151
30 260
31 34
31 187
31 295
32 36
32 40
32 42
32 50
32 140
32 151
32 234
32 296
33 111
34 124
34 146
34 235
34 236
35 200
35 222
35 228
35 237
35 257
35 275
36 37
36 49
36 51
36 54
36 56
36 89
36 96
36 100
36 101
36 109
36 114
36 115
36 121
36 123
36 137
36 153
36 170
36 174
36 190
36 193
36 203
36 207
36 210
36 215
36 217
36 224
36 239
36 241
36 247
36 270
36 273
36 281
36 282
36 284
36 295
36 300
37 43
37 56
37 90
37 168
37 266
38 67
38 193
38 225
38 295
39 83
39 105
39 181
39 189
39 246
39 252
39 254
39 263
39 280
40 47
40 48
40 70
40 88
40 128
40 174
40 196
40 209
40 225
41 45
41 226
41 251
42 60
42 76
42 118
42 135
42 199
43 124
43 179
43 274
44 97
44 107
44 152
44 276
44 281
44 282
45 142
45 161
45 229
45 240
45 266
45 283
46 50
46 137
46 155
46 177
46 203
46 215
46 224
46 241
46 264
46 269
46 295
47 82
47 116
47 285
48 55
48 205
48 208
48 220
48 250
48 253
48 267
49 73
49 95
49 153
49 215
49 236
49 239
49 241
49 295
50 81
50 96
50 162
50 267
50 269
50 292
51 97
51 129
51 132
51 136
51 182
51 190
51 224
51 251
51 295
52 53
52 127
52 145
52 154
52 204
52 215
52 224
52 239
52 241
52 266
52 295
53 132
53 148
53 162
53 167
53 168
53 213
53 250
53 255
53 295
54 153
54 225
54 247
54 295
55 73
55 87
55 105
55 137
55 157
55 205
56 65
56 131
56 180
56 241
56 295
57 77
57 129
57 144
57 177
57 196
57 207
57 283
57 291
58 101
58 106
58 172
58 201
58 280
59 119
59 184
59 187
59 272
60 81
60 120
60 131
60 172
60 181
60 195
61 138
61 164
61 177
61 181
61 202
61 208
61 221
61 236
61 259
62 196
62 287
63 110
63 120
63 139
63 169
63 199
63 272
63 295
64 133
64 237
64 240
64 279
65 88
65 104
65 143
65 198
65 241
66 137
66 143
66 155
66 159
66 174
66 221
66 234
66 284
66 295
66 300
67 155
67 202
67 245
67 279
68 109
68 122
68 247
69 100
69 113
69 190
69 195
69 217
69 230
69 290
70 87
70 129
70 173
70 175
70 230
70 252
71 92
71 171
71 214
72 148
72 242
72 274
72 277
73 137
73 145
73 240
73 254
73 288
74 81
74 89
74 96
74 112
74 126
74 274
74 295
75 77
75 120
75 271
76 124
76 151
76 197
76 272
77 88
77 94
77 112
77 130
77 201
77 253
78 87
78 140
78 185
78 230
78 263
79 94
79 187
79 190
79 299
80 83
80 117
80 186
80 197
80 219
80 249
80 291
81 109
81 128
81 160
81 250
82 241
82 295
83 198
84 97
84 227
85 163
85 166
85 207
85 241
85 295
86 89
86 116
86 144
86 157
86 167
86 210
86 231
86 251
86 252
87 101
87 135
87 162
87 201
88 157
88 168
88 245
88 253
88 265
88 299
89 121
89 133
89 137
89 153
89 157
89 182
89 200
89 203
89 215
89 224
89 225
89 241
89 266
89 281
89 288
89 293
89 295
90 145
90 153
90 175
90 209
90 214
90 223
90 229
90 243
90 250
90 273
90 290
91 125
91 163
91 173
91 212
91 288
92 164
92 199
92 213
92 284
93 101
93 154
93 179
93 227
94 173
94 267
95 117
95 119
95 238
96 100
96 101
96 115
96 137
96 147
96 153
96 160
96 188
96 193
96 202
96 210
96 215
96 220
96 224
96 226
96 241
96 247
96 270
96 281
96 284
96 295
97 101
97 182
97 188
97 215
97 263
97 295
98 126
98 160
98 232
98 269
99 142
99 149
99 161
99 227
99 237
99 241
100 113
100 143
100 153
100 215
100 227
100 241
100 247
100 281
100 283
100 295
100 299
101 131
101 138
101 188
101 203
101 204
101 215
101 219
101 224
101 239
101 241
101 253
101 259
101 271
101 273
101 285
101 290
101 295
102 128
102 138
102 179
102 236
102 245
102 255
102 271
103 155
103 191
103 238
103 250
103 293
104 126
104 165
104 220
104 239
104 274
104 291
104 292
104 295
105 150
106 130
106 201
107 162
107 229
108 231
108 243
108 271
108 272
108 295
109 170
109 269
109 295
110 154
110 170
111 195
112 174
112 189
112 200
112 221
112 230
113 155
113 241
113 271
113 279
114 241
114 276
114 282
114 295
115 118
115 126
115 175
115 203
115 240
116 236
116 237
116 273
116 289
117 122
117 295
118 124
118 135
118 140
118 175
119 139
119 146
119 191
119 210
119 264
119 295
120 228
121 133
121 157
121 200
121 241
121 295
122 138
122 217
122 224
122 275
122 295
123 215
123 224
123 241
123 281
123 295
124 130
124 149
124 236
124 257
124 278
125 155
125 213
125 279
125 282
126 147
126 181
126 194
126 228
127 214
127 224
127 249
127 254
128 149
128 165
128 175
128 201
128 227
128 253
128 295
129 156
129 162
129 186
129 237
129 287
129 295
130 152
130 212
130 213
130 241
130 273
130 277
131 228
131 295
132 171
132 204
132 241
132 264
132 269
132 295
132 298
133 144
133 242
133 248
133 259
133 295
134 178
134 195
134 260
134 270
134 294
134 295
135 240
135 249
136 197
136 208
136 232
136 295
137 152
137 153
137 157
137 203
137 215
137 224
137 241
137 248
137 295
138 147
138 174
138 194
138 297
139 146
139 153
139 159
139 210
139 238
140 249
140 298
141 241
141 252
141 261
141 268
141 295
142 161
142 213
142 286
143 200
143 241
143 295
143 300
144 147
144 155
144 238
144 295
145 184
145 295
146 174
146 204
146 258
146 282
146 285
147 153
147 165
148 172
148 198
148 250
148 252
148 267
148 270
149 266
149 295
150 164
150 235
150 295
150 300
151 185
151 273
151 296
151 299
152 166
152 187
152 252
152 294
152 296
153 155
153 157
153 167
153 175
153 193
153 203
153 210
153 215
153 217
153 224
153 225
153 239
153 241
153 247
153 270
153 295
154 191
154 224
154 239
154 275
155 163
155 201
155 204
156 233
156 266
156 286
157 183
157 193
157 203
158 272
158 287
159 209
159 226
159 227
159 253
159 272
160 179
160 234
160 243
160 272
161 164
161 272
161 286
162 246
162 250
163 238
163 300
164 172
164 174
164 178
164 181
164 202
165 298
166 205
166 248
166 293
167 178
167 192
167 233
167 264
167 298
168 211
168 242
169 201
169 220
169 241
169 292
169 295
170 216
170 220
170 293
171 190
171 229
171 295
172 179
172 212
172 252
172 256
172 267
172 294
172 295
173 197
173 212
173 256
173 275
174 176
174 190
174 270
174 276
174 284
175 259
175 274
175 295
175 300
177 197
177 247
178 195
178 294
178 295
178 300
179 236
179 273
180 186
180 193
180 209
180 229
180 273
180 285
181 257
181 274
182 185
182 223
182 279
183 243
183 300
184 228
184 241
184 264
184 271
184 295
185 195
185 256
185 263
186 235
186 241
186 255
186 289
186 295
187 210
187 219
187 261
188 210
188 215
188 224
188 241
188 279
188 295
189 214
189 217
189 230
189 242
189 246
189 268
189 281
189 284
190 203
190 211
190 234
190 243
190 272
191 288
193 203
193 215
193 241
193 295
194 210
194 213
194 266
194 295
194 296
195 269
196 233
196 287
196 292
196 295
197 244
197 275
198 227
198 270
199 237
200 208
201 226
201 230
201 236
201 238
201 277
202 209
202 282
202 290
203 207
203 215
203 223
203 224
203 239
203 241
203 247
203 274
203 281
203 295
204 236
204 250
204 255
204 285
204 287
204 295
205 297
206 226
206 230
206 239
207 241
208 267
209 225
210 215
210 220
210 224
210 226
210 238
210 241
210 247
210 259
210 270
210 281
210 295
211 270
211 276
212 291
214 222
214 224
214 254
214 273
214 279
215 216
215 218
215 219
215 223
215 224
215 226
215 239
215 241
215 247
215 254
215 270
215 273
215 281
215 284
215 290
215 295
217 281
217 295
218 220
218 231
218 241
218 242
218 295
219 224
219 241
219 293
219 295
220 269
221 233
221 258
222 252
222 294
223 277
224 226
224 239
224 241
224 247
224 254
224 273
224 275
224 277
224 281
224 284
224 295
225 280
226 239
226 241
226 295
227 230
227 250
227 272
228 239
228 242
228 251
229 298
230 244
230 289
230 297
231 260
231 261
231 275
231 277
232 241
233 294
234 294
235 258
236 250
236 295
237 243
239 241
239 247
239 281
239 295
240 241
240 271
240 295
241 247
241 273
241 281
241 284
241 295
242 263
243 272
245 265
246 299
247 273
247 284
247 295
249 262
249 264
252 256
252 290
254 268
254 273
254 295
254 300
256 263
256 275
256 295
257 293
257 300
258 264
258 295
259 265
260 280
260 299
262 269
262 274
264 289
266 297
267 286
267 293
269 288
270 295
271 283
273 281
273 295
275 295
276 288
281 295
281 296
283 288
284 288
284 295
284 300
285 290
285 293
287 295
288 297
291 300
