"Progeny" "Sire" "Dam" "Sex" "G" "NMPrg" "NFPrg" "F" "Homo" "Phen" "Res" "Polygene" "QTL"
1 0 0 "M" 0 3 1 0 0.55 -14.8704133312384 2.53746487065137 0 -17.4078782018898
2 0 0 "M" 0 3 0 0 0.536667 -10.4170813634198 -4.01999511199004 0 -6.39708625142971
3 0 0 "M" 0 3 1 0 0.566667 -2.60839887035161 2.06330157299984 0 -4.67170044335144
4 0 0 "M" 0 2 0 0 0.52 -16.8991495125233 -3.79349425665825 0 -13.1056552558651
5 0 0 "M" 0 2 3 0 0.55 -11.3762581411133 -15.4268986340148 0 4.05064049290153
6 0 0 "M" 0 3 2 0 0.54 7.31918920152856 4.99629607526846 0 2.3228931262601
7 0 0 "M" 0 1 2 0 0.55 -13.7926153503709 -15.2380303331118 0 1.44541498274091
8 0 0 "M" 0 1 3 0 0.576667 1.54051221478931 3.04810312381513 0 -1.50759090902582
9 0 0 "M" 0 4 2 0 0.526667 -9.08669907810707 -14.4265177226022 0 5.33981864449509
10 0 0 "M" 0 2 2 0 0.49 4.84231873689034 12.8917876395974 0 -8.04946890270702
11 0 0 "M" 0 3 0 0 0.546667 1.96985396365535 -4.0855790367516 0 6.05543300040695
12 0 0 "M" 0 2 0 0 0.62 -9.65546893075101 -19.5325217811192 0 9.87705285036817
13 0 0 "M" 0 3 2 0 0.53 -21.576268774568 -10.1266118893158 0 -11.4496568852522
14 0 0 "M" 0 1 1 0 0.58 9.21158840189513 2.59618110297886 0 6.61540729891627
15 0 0 "M" 0 5 0 0 0.553333 -6.20104280883941 3.41366615485497 0 -9.61470896369437
16 0 0 "M" 0 1 1 0 0.543333 6.85039646977576 6.07589388166241 0 0.774502588113344
17 0 0 "M" 0 6 0 0 0.533333 -19.3614840771797 -7.67763452999757 0 -11.6838495471822
18 0 0 "M" 0 0 2 0 0.533333 5.17762474824401 18.4206313055926 0 -13.2430065573486
19 0 0 "M" 0 0 2 0 0.563333 -17.5074196453428 0.952159602134044 0 -18.4595792474769
20 0 0 "M" 0 2 2 0 0.556667 -15.5945067478737 -15.6906168196808 0 0.0961100718071741
21 0 0 "M" 0 0 3 0 0.626667 -22.5016270898894 -20.9394175668632 0 -1.56220952302622
22 0 0 "M" 0 3 1 0 0.556667 4.30936415528448 -7.54270045854859 0 11.8520646138331
23 0 0 "M" 0 3 1 0 0.51 -13.294813806925 0.207977840814687 0 -13.5027916477397
24 0 0 "M" 0 0 2 0 0.53 -9.41231823538034 -13.0972067068064 0 3.68488847142611
25 0 0 "M" 0 1 3 0 0.536667 21.3248212207563 12.2637070141083 0 9.06111420664802
26 0 0 "M" 0 1 1 0 0.526667 8.2491539396131 20.8795853523882 0 -12.6304314127751
27 0 0 "M" 0 1 1 0 0.49 -6.68006450048427 3.44596732175297 0 -10.1260318222372
28 0 0 "M" 0 3 2 0 0.556667 -14.3953288115517 -13.9004254419423 0 -0.494903369609305
29 0 0 "M" 0 0 2 0 0.49 -5.63209813970776 8.75109023142588 0 -14.3831883711336
30 0 0 "M" 0 2 1 0 0.513333 6.08256852133849 2.17336130396523 0 3.90920721737326
31 0 0 "F" 0 3 1 0 0.566667 1.63822356792094 8.31527575171666 0 -6.67705218379572
32 0 0 "F" 0 1 0 0 0.63 0.823457903182817 10.8054755527779 0 -9.98201764959505
33 0 0 "F" 0 1 3 0 0.533333 27.860517214229 15.8142712692427 0 12.0462459449863
34 0 0 "F" 0 1 1 0 0.573333 5.80825813802732 -4.04014105651822 0 9.84839919454554
35 0 0 "F" 0 3 0 0 0.553333 -3.47616685896208 -0.074503206461966 0 -3.40166365250012
36 0 0 "F" 0 1 1 0 0.576667 -26.0553709366338 -4.58473452458884 0 -21.4706364120449
37 0 0 "F" 0 2 0 0 0.543333 -5.22329693800829 5.07725432451013 0 -10.3005512625184
38 0 0 "F" 0 0 3 0 0.55 7.94274845217139 9.9101747701448 0 -1.96742631797341
39 0 0 "F" 0 1 0 0 0.533333 -5.05757219045945 -3.32763446436077 0 -1.72993772609868
40 0 0 "F" 0 3 1 0 0.523333 -16.5027144815745 -8.55434344422173 0 -7.94837103735274
41 0 0 "F" 0 1 1 0 0.553333 -2.53662042043578 3.43383062383181 0 -5.97045104426759
42 0 0 "F" 0 1 3 0 0.54 -14.333451593216 -6.91770522895777 0 -7.41574636425827
43 0 0 "F" 0 0 1 0 0.54 -27.0730190635213 -8.88877055903327 0 -18.1842485044881
44 0 0 "F" 0 1 0 0 0.48 -27.7310183737707 -30.1635773129093 0 2.43255893913854
45 0 0 "F" 0 1 1 0 0.536667 -8.11657265321053 -0.427596998878567 0 -7.68897565433196
46 0 0 "F" 0 2 1 0 0.573333 -2.15871814671199 12.8369919110502 0 -14.9957100577622
47 0 0 "F" 0 0 4 0 0.56 3.23112305882118 4.74414333574378 0 -1.5130202769226
48 0 0 "F" 0 1 1 0 0.55 -28.8964907330701 -15.3548250694265 0 -13.5416656636436
49 0 0 "F" 0 1 1 0 0.563333 13.8912220145635 7.00820059400647 0 6.88302142055707
50 0 0 "F" 0 1 2 0 0.583333 9.75151967683183 11.0089580511138 0 -1.25743837428199
51 0 0 "F" 0 1 0 0 0.61 14.1773587569262 4.63330742474958 0 9.54405133217664
52 0 0 "F" 0 4 0 0 0.48 -18.067436288399 -1.08135001201142 0 -16.9860862763876
53 0 0 "F" 0 1 0 0 0.54 13.2480518465044 7.44077867222909 0 5.80727317427533
54 0 0 "F" 0 1 0 0 0.53 -6.24205701558129 -7.32892993651726 0 1.08687292093597
55 0 0 "F" 0 2 1 0 0.556667 -8.23028345390644 -2.43556586654818 0 -5.79471758735826
56 0 0 "F" 0 2 2 0 0.59 10.6019468250486 7.46668275512041 0 3.13526406992815
57 0 0 "F" 0 2 1 0 0.493333 11.3563431749057 -3.59594583062792 0 14.9522890055336
58 0 0 "F" 0 3 1 0 0.586667 -11.2974567413199 -6.00212041773649 0 -5.29533632358344
59 0 0 "F" 0 1 3 0 0.553333 -6.80541974323501 -8.03885929447612 0 1.23343955124111
60 0 0 "F" 0 1 3 0 0.53 -9.09357346462613 2.90277521164168 0 -11.9963486762678
61 0 0 "F" 0 1 3 0 0.516667 -11.9381805919962 -17.3244879558134 0 5.38630736381721
62 0 0 "F" 0 1 0 0 0.573333 -17.0485382879578 -7.15128904576699 0 -9.89724924219081
63 0 0 "F" 0 1 2 0 0.586667 -17.9568266342147 -4.26053463836859 0 -13.6962919958461
64 0 0 "F" 0 0 1 0 0.55 -12.3399690646405 -12.9252399070261 0 0.585270842385592
65 0 0 "F" 0 2 1 0 0.546667 3.51615004057792 3.77965212506449 0 -0.263502084486566
66 0 0 "F" 0 3 1 0 0.553333 12.5739804351496 -2.45069602209406 0 15.0246764572437
67 0 0 "F" 0 1 1 0 0.586667 -7.01654819521019 -3.6168663541179 0 -3.39968184109229
68 0 0 "F" 0 1 1 0 0.56 0.145729873649454 9.8654966724481 0 -9.71976679879865
69 0 0 "F" 0 0 1 0 0.526667 -5.54831740446162 -8.01262018229123 0 2.46430277782961
70 0 0 "F" 0 4 0 0 0.52 4.3764552566854 5.09696007628182 0 -0.720504819596419
71 0 0 "F" 0 1 1 0 0.556667 17.6858087923881 12.7482220693742 0 4.93758672301388
72 0 0 "F" 0 3 1 0 0.573333 10.813745775108 -2.82140246615525 0 13.6351482412633
73 0 0 "F" 0 1 2 0 0.553333 7.63913804916733 4.75109592033069 0 2.88804212883665
74 0 0 "F" 0 3 1 0 0.556667 1.18157659053785 -3.96646795888698 0 5.14804454942483
75 0 0 "F" 0 1 2 0 0.55 11.9643481185328 5.06411313961129 0 6.90023497892151
76 0 0 "F" 0 2 0 0 0.54 1.14508116758565 7.94634056325243 0 -6.80125939566678
77 0 0 "F" 0 3 1 0 0.536667 -18.3659429291946 -14.8216176619271 0 -3.5443252672675
78 0 0 "F" 0 3 0 0 0.63 -1.78631203798924 4.57039014600705 0 -6.3567021839963
79 0 0 "F" 0 1 2 0 0.56 -38.6258713414703 -15.9403993947926 0 -22.6854719466777
80 0 0 "F" 0 1 1 0 0.526667 7.66419432076508 -9.29325840086319 0 16.9574527216283
81 0 0 "F" 0 1 3 0 0.616667 2.92558647263909 1.84522736303132 0 1.08035910960778
82 0 0 "F" 0 0 1 0 0.523333 4.26053128974507 4.25282081893175 0 0.00771047081331888
83 0 0 "F" 0 1 2 0 0.543333 7.20312735344967 2.10135625575048 0 5.10177109769919
84 0 0 "F" 0 1 3 0 0.556667 3.93373436324075 -1.47807925584115 0 5.41181361908191
85 0 0 "F" 0 4 0 0 0.543333 14.6293377396679 6.64128020201428 0 7.98805753765362
86 0 0 "F" 0 2 2 0 0.53 -3.95913509986554 -12.0897997351658 0 8.13066463530027
87 0 0 "F" 0 1 2 0 0.546667 0.446042490975804 1.45055988910655 0 -1.00451739813074
88 0 0 "F" 0 2 0 0 0.6 -5.19951009308329 6.53340127641291 0 -11.7329113694962
89 0 0 "F" 0 0 1 0 0.506667 -26.7212961151512 -26.4304427222742 0 -0.290853392877013
90 0 0 "F" 0 0 4 0 0.553333 -9.46043907158037 14.4281466108075 0 -23.8885856823879
91 0 0 "F" 0 1 0 0 0.59 37.4928839489939 25.6281267934121 0 11.8647571555818
92 0 0 "F" 0 1 0 0 0.59 -14.050613045206 -7.72368886475808 0 -6.32692418044796
93 0 0 "F" 0 2 2 0 0.506667 -3.51383194300176 3.26772327927486 0 -6.78155522227662
94 0 0 "F" 0 1 3 0 0.546667 8.68045018714954 10.4402167344412 0 -1.75976654729171
95 0 0 "F" 0 1 1 0 0.606667 3.84235514388568 13.1820837743083 0 -9.33972863042261
96 0 0 "F" 0 1 3 0 0.57 -10.8065693812352 -8.68941635923418 0 -2.11715302200104
97 0 0 "F" 0 2 2 0 0.556667 -0.11927745231504 3.09860728429242 0 -3.21788473660746
98 0 0 "F" 0 2 2 0 0.52 2.35476364366563 2.03563950524833 0 0.319124138417304
99 0 0 "F" 0 1 3 0 0.586667 0.17066812196988 1.57052663150179 0 -1.39985850953191
100 0 0 "F" 0 4 0 0 0.573333 -1.03259818971191 -15.1039037720966 0 14.0713055823847
101 21 87 "F" 1 2 1 0 0.596667 19.8683659915827 16.5905593831496 0 3.2778066084331
102 21 31 "F" 1 1 2 0 0.516667 1.39401247749048 -0.248982974886782 0 1.64299545237726
103 21 86 "F" 1 2 1 0 0.556667 -3.23214162990437 -10.1062678533133 0 6.87412622340898
104 13 85 "M" 1 0 0 0 0.563333 10.4065892221753 7.3324835653702 0 3.07410565680508
105 13 72 "F" 1 0 0 0 0.596667 -10.6277210301629 -1.06206311636156 0 -9.56565791380133
106 13 92 "M" 1 2 2 0 0.576667 -28.2570826466781 -15.4942774695419 0 -12.7628051771362
107 11 94 "M" 1 0 0 0 0.55 21.4488575046201 14.6276631688995 0 6.82119433572059
108 11 34 "M" 1 0 0 0 0.55 13.9396232106416 0.0283720303250022 0 13.9112511803166
109 11 65 "M" 1 0 0 0 0.543333 -17.906254666297 -14.9294769451994 0 -2.97677772109764
110 9 89 "F" 1 3 0 0 0.54 -5.88565796963646 -14.4539651888103 0 8.56830721917379
111 9 84 "M" 1 0 0 0 0.52 0.499419906803444 -10.1233088013148 0 10.6227287081182
112 9 40 "M" 1 0 0 0 0.513333 0.235919298350375 -7.33311411984586 0 7.56903341819624
113 17 91 "M" 1 0 0 0 0.563333 -11.719518888096 -6.89846124310554 0 -4.82105764499047
114 17 53 "M" 1 2 2 0 0.53 -6.55806582061534 -2.20032254778065 0 -4.35774327283469
115 17 48 "M" 1 1 3 0 0.563333 -2.36477962377752 1.56250909216712 0 -3.92728871594465
116 2 76 "M" 1 0 0 0 0.53 -9.20025268555057 -8.46646089670853 0 -0.733791788842037
117 2 81 "M" 1 0 0 0 0.486667 -18.1011438544987 -16.6514010746779 0 -1.44974277982081
118 2 95 "M" 1 0 0 0 0.566667 -12.0556228769682 2.56202442604367 0 -14.6176473030119
119 30 59 "M" 1 0 0 0 0.563333 26.1380775076024 20.9215368576078 0 5.21654064999462
120 30 58 "F" 1 0 0 0 0.563333 -25.9745750218559 -14.6546750363498 0 -11.3198999855061
121 30 37 "M" 1 0 0 0 0.556667 -20.3133350427993 -17.3755713461926 0 -2.93776369660671
122 28 54 "M" 1 3 2 0 0.596667 7.18564398594712 -3.32211715258409 0 10.5077611385312
123 28 50 "M" 1 0 0 0 0.576667 28.7749995073692 7.29874655844911 0 21.4762529489201
124 28 83 "F" 1 0 3 0 0.516667 -2.95159245925884 -3.53084289330412 0 0.579250434045279
125 7 32 "M" 1 0 0 0 0.53 -21.8203253798862 -14.2320751117383 0 -7.58825026814784
126 7 56 "F" 1 0 0 0 0.563333 10.0003291659849 8.57201311842065 0 1.42831604756422
127 7 97 "F" 1 0 0 0 0.56 -1.91976945616462 5.64422390135027 0 -7.56399335751489
128 5 68 "F" 1 1 2 0 0.59 0.875376857662011 -3.68800049689479 0 4.5633773545568
129 5 63 "F" 1 2 1 0 0.523333 -7.96859122278253 -0.595084463990748 0 -7.37350675879179
130 5 60 "M" 1 2 2 0 0.546667 -0.875300536690244 11.9667884881765 0 -12.8420890248668
131 4 55 "M" 1 0 0 0 0.593333 -25.5210669925554 -8.08160871571486 0 -17.4394582768406
132 4 75 "M" 1 4 0 0 0.516667 10.2033024003068 0.42542950895743 0 9.77787289134938
133 26 77 "M" 1 0 0 0 0.553333 4.16493770093355 11.7057944177577 0 -7.54085671682415
134 26 33 "F" 1 0 0 0 0.546667 3.97112552487272 4.38107861297546 0 -0.409953088102739
135 22 67 "M" 1 5 0 0 0.59 2.71075227624083 -4.32550314459217 0 7.036255420833
136 22 71 "M" 1 3 1 0 0.573333 -2.17436962180056 -8.57486211385815 0 6.40049249205758
137 8 38 "F" 1 2 1 0 0.55 -2.58248679261927 -3.03309836724078 0 0.450611574621511
138 8 93 "M" 1 0 0 0 0.566667 -2.76308815953875 3.75945218859504 0 -6.52254034813378
139 29 90 "F" 1 2 1 0 0.543333 0.43102290370583 3.5638674396439 0 -3.13284453593807
140 29 36 "F" 1 2 1 0 0.573333 -25.8663504120998 7.27997826279165 0 -33.1463286748915
141 25 43 "F" 1 2 1 0 0.496667 -15.733943992117 -5.62341938414776 0 -10.1105246079693
142 25 70 "M" 1 0 0 0 0.556667 -10.7065223374116 -12.1181717529324 0 1.41164941552088
143 27 66 "F" 1 0 0 0 0.536667 13.2227092593757 12.2367514244302 0 0.985957834945528
144 27 45 "M" 1 0 0 0 0.576667 -1.51129750242607 0.526435002500918 0 -2.03773250492699
145 24 82 "F" 1 0 0 0 0.506667 1.82773521043101 7.54162222797529 0 -5.71388701754428
146 24 73 "F" 1 0 0 0 0.55 31.5682071033831 15.8201233881459 0 15.7480837152372
147 12 80 "M" 1 0 0 0 0.526667 33.0433037799001 9.88720666605206 0 23.156097113848
148 12 78 "M" 1 4 2 0 0.553333 -10.1178048948374 -0.758892787951976 0 -9.35891210688543
149 23 57 "M" 1 0 0 0 0.593333 7.46054061819485 7.83964122472845 0 -0.379100606533597
150 23 69 "F" 1 1 2 0 0.563333 -8.81972251927052 0.00529487795292277 0 -8.82501739722344
151 20 44 "M" 1 1 3 0 0.593333 12.2747386932337 1.91862971448512 0 10.3561089787486
152 20 42 "F" 1 0 3 0 0.553333 -0.204427105419171 3.40088092191956 0 -3.60530802733873
153 15 51 "M" 1 2 3 0 0.606667 17.3601727609913 6.50794454162713 0 10.8522282193641
154 15 39 "M" 1 1 4 0 0.533333 -2.62366997583649 -0.186090869296973 0 -2.43757910653952
155 19 49 "F" 1 0 0 0 0.596667 -11.3844122518789 -11.6754257076888 0 0.291013455809903
156 19 41 "F" 1 1 2 0 0.576667 -13.0718243261964 -3.92281143948245 0 -9.14901288671398
157 18 99 "F" 1 0 0 0 0.553333 -6.13124178210333 -9.90415127472985 0 3.77290949262652
158 18 47 "F" 1 0 0 0 0.526667 -26.3751454053879 -19.6037670855076 0 -6.77137831988035
159 14 46 "F" 1 0 0 0 0.503333 9.70949111956024 16.5289156106755 0 -6.81942449111525
160 14 35 "M" 1 3 3 0 0.57 14.490127788501 13.2857750471399 0 1.20435274136111
161 6 98 "M" 1 0 0 0 0.586667 5.97322301454313 0.287262480734468 0 5.68596053380867
162 6 61 "M" 1 0 0 0 0.58 1.23456962540674 0.541621845097997 0 0.692947780308743
163 16 64 "F" 1 0 0 0 0.576667 16.6836197758119 1.12991606214119 0 15.5537037136707
164 16 52 "M" 1 0 0 0 0.533333 -0.719527440407897 2.73927194058948 0 -3.45879938099738
165 3 62 "M" 1 1 5 0 0.59 -13.7309172172159 0.71089826897784 0 -14.4418154861938
166 3 96 "F" 1 0 0 0 0.573333 -0.179516739452863 -4.55604334462064 0 4.37652660516778
167 1 100 "M" 1 0 0 0 0.593333 -2.58252970450745 11.9964258192371 0 -14.5789555237445
168 1 74 "M" 1 3 2 0 0.58 -10.4179157489561 6.56046350700675 0 -16.9783792559628
169 10 88 "M" 1 0 0 0 0.496667 -32.7306131816718 -8.84161093148457 0 -23.8890022501873
170 10 79 "F" 1 0 0 0 0.556667 -21.6493219397145 2.99130804522591 0 -24.6406299849404
171 165 124 "F" 2 1 1 0 0.513333 1.04291733745337 -0.297093405559504 0 1.34001074301288
172 165 84 "F" 2 0 0 0 0.53 -4.16068393922421 -8.14542825118907 0 3.98474431196486
173 165 50 "F" 2 2 0 0 0.526667 -30.5208226736155 -8.05298828977164 0 -22.4678343838438
174 148 97 "F" 2 0 0 0 0.576667 -14.9624664569472 -7.12035693282349 0 -7.84210952412375
175 148 70 "M" 2 0 0 0 0.563333 -20.723563331502 -13.7189244244193 0 -7.00463890708271
176 148 103 "M" 2 0 0 0 0.503333 -6.97011522100148 -0.204286722848689 0 -6.76582849815279
177 122 35 "M" 2 0 0 0 0.55 13.7740264894551 9.81089506450138 0 3.96313142495375
178 122 48 "F" 2 0 0 0 0.536667 -4.64726323958866 -5.88429785628688 0 1.23703461669822
179 122 61 "F" 2 0 0 0 0.506667 -0.549894070045902 -9.42694229027628 0 8.87704822023038
180 6 38 "F" 2 0 0 0 0.563333 -12.3883363448145 -20.4719886498255 0 8.08365230501106
181 6 87 "F" 2 1 1 0 0.56 -3.18258039922039 4.40887344877912 0 -7.59145384799951
182 6 86 "M" 2 3 1 0 0.536667 11.780683949038 10.2116555992149 0 1.5690283498231
183 15 40 "M" 2 0 0 0 0.476667 -22.8747066241425 -6.70870729448808 0 -16.1659993296544
184 15 129 "M" 2 0 0 0 0.56 -16.4574617262626 -3.65187705100815 0 -12.8055846752545
185 15 78 "M" 2 2 3 0 0.583333 -7.26034283811027 2.19778060910005 0 -9.45812344721032
186 160 68 "M" 2 2 2 0 0.583333 -11.9972697202727 -6.91267625239082 0 -5.08459346788185
187 160 63 "F" 2 0 0 0 0.586667 -24.4864767031153 -19.8547244752166 0 -4.63175222789866
188 160 79 "F" 2 1 1 0 0.57 -6.720294186252 2.70339089460759 0 -9.42368508085958
189 9 31 "M" 2 0 0 0 0.52 8.73756092779266 15.520820139735 0 -6.78325921194233
190 9 37 "M" 2 0 0 0 0.536667 -9.01679281830923 -12.131962118044 0 3.11516929973476
191 9 99 "F" 2 0 0 0 0.52 3.26649151524196 -5.06636419767277 0 8.33285571291473
192 154 88 "M" 2 3 1 0 0.576667 12.1145291687363 1.82737717445131 0 10.287151994285
193 154 128 "F" 2 0 0 0 0.53 1.47286298553882 -3.53749344812726 0 5.01035643366608
194 154 75 "F" 2 1 1 0 0.51 -0.148732841787004 13.6751958594051 0 -13.8239287011921
195 135 58 "M" 2 0 0 0 0.546667 2.93234396944155 2.36923501528758 0 0.563108954153976
196 135 96 "M" 2 0 0 0 0.576667 -2.2484251238173 -13.0845758160224 0 10.8361506922051
197 135 33 "M" 2 0 0 0 0.556667 10.5168179648715 8.08516349249849 0 2.43165447237305
198 17 110 "M" 2 0 4 0 0.536667 11.274020070535 11.8118130135219 0 -0.537792942986832
199 17 74 "M" 2 0 0 0 0.55 5.04831884373356 2.72158873347629 0 2.32673011025728
200 17 76 "M" 2 0 0 0 0.546667 -10.2680633606894 -6.11785900878517 0 -4.15020435190418
201 28 152 "F" 2 0 0 0 0.543333 -13.9084772711418 -4.43574536959984 0 -9.47273190154196
202 28 77 "M" 2 0 0 0 0.546667 2.38431791821187 -3.97665311269653 0 6.3609710309084
203 25 90 "F" 2 0 0 0 0.553333 16.2743662041853 13.3188476792321 0 2.95551852495312
204 25 93 "F" 2 0 0 0 0.556667 24.3503143078652 7.01168675396116 0 17.3386275539041
205 5 47 "F" 2 0 2 0 0.536667 -1.05144460157806 -6.70940999431442 0 5.65796539273636
206 5 66 "M" 2 1 3 0 0.57 0.0908995440144214 -10.1980170206611 0 10.2889165646756
207 153 156 "M" 2 0 4 0 0.536667 -9.81405358936083 2.46925313876353 0 -12.2833067281244
208 153 85 "M" 2 0 0 0 0.58 22.2497515151651 4.2802154005739 0 17.9695361145912
209 115 71 "F" 2 0 2 0 0.53 -0.645581911760449 -3.44855438331371 0 2.80297247155326
210 115 94 "F" 2 1 1 0 0.593333 11.8044701874687 21.3363197189876 0 -9.53184953151894
211 13 46 "M" 2 0 0 0 0.52 -0.961228355985964 15.1923716546495 0 -16.1536000106355
212 13 81 "F" 2 1 1 0 0.636667 -11.5175485383589 -5.40832084818979 0 -6.10922769016909
213 130 36 "M" 2 1 3 0 0.503333 -23.4267503969797 -6.13342634440608 0 -17.2933240525736
214 130 67 "F" 2 0 0 0 0.546667 -0.431289478526878 -1.88794119411306 0 1.45665171558618
215 3 56 "M" 2 2 3 0 0.513333 3.09183142524183 2.17069010794883 0 0.921141317293006
216 3 72 "M" 2 0 0 0 0.58 16.1128750096387 12.4023128533373 0 3.71056215630139
217 114 150 "M" 2 3 3 0 0.543333 -10.0919718151727 -0.530479824243735 0 -9.56149199092894
218 114 102 "F" 2 0 0 0 0.573333 -1.74406626449807 5.28887228580967 0 -7.03293855030774
219 10 60 "F" 2 0 0 0 0.59 -27.2464072742923 -13.3267244409869 0 -13.9196828333054
220 10 141 "M" 2 0 0 0 0.553333 -45.9626845225661 -25.9130709426127 0 -20.0496135799533
221 1 59 "F" 2 2 0 0 0.533333 -21.7158463389795 -10.2334646078982 0 -11.4823817310813
222 1 100 "M" 2 3 3 0 0.54 5.16905025250471 6.39808775947289 0 -1.22903750696818
223 22 41 "M" 2 2 4 0 0.586667 -12.6670561689615 -21.4368328271778 0 8.7697766582163
224 22 83 "F" 2 0 2 0 0.603333 18.2346526625257 -5.67925218180488 0 23.9139048443306
225 151 80 "F" 2 0 0 0 0.566667 4.86713925312608 1.42912937318822 0 3.43800987993785
226 151 140 "F" 2 0 2 0 0.58 -2.45464415330762 6.12763253169189 0 -8.58227668499952
227 136 139 "M" 2 3 2 0 0.55 15.9042555145957 15.1575208759012 0 0.746734638694583
228 136 137 "F" 2 0 0 0 0.55 10.0692458086962 4.76445130754217 0 5.30479450115403
229 106 52 "M" 2 0 0 0 0.523333 -14.1067134127778 6.92309683922076 0 -21.0298102519986
230 106 95 "F" 2 1 1 0 0.59 -27.7299952416492 -12.1011869387999 0 -15.6288083028493
231 168 57 "M" 2 0 0 0 0.493333 13.5494516915691 8.70410975602925 0 4.84534193553988
232 168 101 "F" 2 0 0 0 0.596667 10.1119073714863 8.80519383124351 0 1.3067135402428
233 20 42 "F" 2 0 0 0 0.556667 -10.162779582805 -4.83696200264583 0 -5.3258175801592
234 20 49 "M" 2 3 1 0 0.526667 11.5095236639325 1.58606526573086 0 9.92345839820163
235 8 45 "F" 2 0 0 0 0.54 -11.6626501626083 -0.381779080087448 0 -11.2808710825208
236 8 34 "F" 2 1 1 0 0.513333 -23.3367595698191 -19.2809527110629 0 -4.05580685875626
237 132 73 "M" 2 2 3 0 0.55 9.92406364043819 6.38054031297372 0 3.54352332746447
238 132 65 "M" 2 0 0 0 0.536667 -17.6572184169911 -8.8306644950439 0 -8.82655392194724
239 23 55 "M" 2 0 0 0 0.56 -19.3577856294555 -19.6827867764543 0 0.325001146998862
240 23 98 "M" 2 0 0 0 0.553333 -17.1794892567997 -14.7733768275142 0 -2.40611242928557
241 215 46 "M" 3 1 1 0 0.566667 -11.320929807198 9.82390516424074 0 -21.1448349714387
242 215 93 "F" 3 0 0 0 0.543333 -18.3275020340038 -1.30539748104409 0 -17.0221045529598
243 215 156 "F" 3 1 0 0 0.546667 -2.45214908031296 6.70884096319611 0 -9.16099004350907
244 185 110 "M" 3 0 2 0 0.496667 -3.35958440134358 -4.63628580805619 0 1.27670140671262
245 185 150 "F" 3 0 0 0 0.576667 0.877471561046738 14.5095238780277 0 -13.632052316981
246 185 59 "F" 3 0 1 0 0.586667 -9.60809877408742 -8.8597347360284 0 -0.748364038059026
247 222 221 "M" 3 1 2 0.125 0.556667 9.13257702121462 13.953739617629 0 -4.82116259641441
248 222 236 "M" 3 0 0 0 0.566667 -19.9563186301937 -18.4360545741036 0 -1.52026405609014
249 222 33 "F" 3 0 1 0 0.53 6.27806095368662 2.52644887701057 0 3.75161207667606
250 160 79 "M" 3 0 0 0 0.556667 25.040940386933 18.4575210735394 0 6.58341931339357
251 160 85 "M" 3 2 0 0 0.543333 0.664374794734135 -0.908274182220927 0 1.57264897695506
252 160 55 "F" 3 1 0 0 0.523333 -20.8607015788595 -7.6391032115807 0 -13.2215983672788
253 168 97 "M" 3 0 0 0 0.58 -14.9690227013077 -5.21377539427426 0 -9.75524730703346
254 168 173 "M" 3 0 0 0 0.53 -27.1437111676464 1.35256236496587 0 -28.4962735326123
255 168 47 "F" 3 0 0 0 0.58 -6.81953139952546 -3.74638091177461 0 -3.07315048775084
256 153 226 "F" 3 0 1 0 0.53 -19.2519686193354 -20.0005149562449 0 0.748546336909558
257 153 139 "F" 3 0 1 0 0.49 2.63097623139249 5.61501732678822 0 -2.98404109539573
258 153 152 "F" 3 0 1 0 0.556667 10.6898839585529 3.74367247892305 0 6.94621147962985
259 148 86 "F" 3 1 0 0 0.53 19.8112110877597 12.8503294522349 0 6.96088163552479
260 148 78 "M" 3 0 0 0.25 0.793333 -10.1466123504353 -6.00837337822299 0 -4.13823897221226
261 148 31 "M" 3 2 0 0 0.593333 -10.5816534985846 -0.412101632366226 0 -10.1695518662184
262 165 102 "M" 3 0 0 0 0.563333 3.43291973841072 -6.03141861874782e-06 0 3.43292576982934
263 165 224 "F" 3 0 0 0 0.52 9.72487429453562 1.59279567941165 0 8.13207861512398
264 165 81 "F" 3 0 1 0 0.546667 -20.0946378696548 -19.8190493012548 0 -0.275588568400049
265 217 74 "F" 3 0 1 0 0.543333 5.29007036180352 5.19219623802285 0 0.0978741237806751
266 217 101 "M" 3 2 1 0 0.543333 -6.6979105741681 0.4854923326159 0 -7.183402906784
267 217 141 "F" 3 0 0 0 0.556667 4.73790368794343 10.5503090195333 0 -5.81240533158991
268 223 75 "F" 3 0 0 0 0.536667 12.158476886208 -8.38859954037615 0 20.5470764265841
269 223 58 "M" 3 0 0 0 0.536667 22.3448670192759 21.240062268231 0 1.10480475104496
270 223 50 "F" 3 0 0 0 0.613333 11.3143575346358 0.158883840458574 0 11.1554736941772
271 192 52 "M" 3 0 3 0 0.526667 -2.73861861256081 -9.21846806184525 0 6.47984944928443
272 192 212 "F" 3 0 0 0 0.573333 6.02894132621033 -7.61477147488872 0 13.643712801099
273 115 42 "M" 3 0 0 0 0.58 -11.2956090890742 -7.0718972876329 0 -4.22371180144133
274 115 65 "F" 3 0 0 0 0.523333 -8.96478015097982 -5.54127504348427 0 -3.42350510749555
275 122 140 "M" 3 1 1 0 0.563333 -21.0522715548659 -5.31893672142924 0 -15.7333348334366
276 122 70 "M" 3 0 0 0 0.55 11.7591652955113 -4.09989480707694 0 15.8590601025883
277 186 209 "F" 3 0 0 0 0.51 -5.90793270816905 -9.26774307515758 0 3.35981036698853
278 186 94 "F" 3 0 1 0 0.53 34.8565718802548 19.6026201893866 0 15.2539516908682
279 207 61 "F" 3 0 1 0 0.523333 12.9981426910134 19.5038706576298 0 -6.50572796661641
280 207 77 "F" 3 0 0 0 0.533333 -8.5131068515474 -0.10920793166256 0 -8.40389891988484
281 198 124 "F" 3 0 0 0 0.526667 -2.47837764783878 12.6017321691178 0 -15.0801098169566
282 198 57 "F" 3 0 0 0 0.503333 21.41469917605 5.97383027145785 0 15.4408689045922
283 132 56 "M" 3 0 0 0 0.543333 25.5737360513901 0.681510035837965 0 24.8922260155521
284 132 87 "M" 3 1 2 0 0.54 21.6986732339152 10.0163605840129 0 11.6823126499023
285 234 137 "M" 3 0 0 0 0.506667 17.7481391078721 17.4396371821171 0 0.308501925754966
286 234 230 "F" 3 0 0 0 0.54 14.6555098756288 30.1266000666558 0 -15.471090191027
287 106 96 "F" 3 0 0 0 0.56 1.62556242619444 14.35652891653 0 -12.7309664903356
288 106 188 "M" 3 0 0 0 0.533333 -27.7990398263953 -9.38140338334554 0 -18.4176364430497
289 130 60 "F" 3 0 0 0.25 0.546667 -19.2964530432211 -6.45436401835431 0 -12.8420890248668
290 130 210 "M" 3 1 2 0 0.51 10.7418373424246 14.956521516588 0 -4.21468417416335
291 206 90 "F" 3 0 0 0 0.576667 -12.3340029985426 -0.0698189654111619 0 -12.2641840331315
292 206 40 "F" 3 0 0 0 0.6 -3.24867830031024 -10.0848691690507 0 6.83619086874051
293 213 73 "F" 3 0 0 0 0.503333 4.25448940251961 12.7541791032228 0 -8.49968970070316
294 213 129 "F" 3 0 0 0.0625 0.5 -11.6161473977401 7.64651898885357 0 -19.2626663865937
295 182 72 "M" 3 0 0 0 0.55 12.2417546873345 0.308174016357857 0 11.9335806709767
296 182 66 "M" 3 0 0 0 0.55 -6.24502981112045 -10.7990804782432 0 4.55405066712276
297 154 99 "F" 3 0 0 0 0.553333 6.90282399028593 9.79232801564747 0 -2.88950402536154
298 154 38 "F" 3 1 0 0 0.563333 -4.57996251037998 -9.41760426382732 0 4.83764175344734
299 227 35 "M" 3 0 0 0 0.53 19.3096600370037 14.1198686850436 0 5.18979135196009
300 227 194 "F" 3 0 0 0 0.516667 -1.61592797399281 2.43424293561187 0 -4.05017090960468
301 237 98 "F" 3 1 0 0 0.566667 15.8598504456722 5.63616648971275 0 10.2236839559594
302 237 205 "F" 3 0 0 0 0.573333 5.47790348017381 -5.79808311133968 0 11.2759865915135
303 114 103 "M" 3 0 0 0 0.55 -13.4956525222087 -16.6615938131195 0 3.16594129091084
304 114 181 "F" 3 0 0 0 0.53 -15.2729955765991 -19.2381544054321 0 3.965158828833
305 135 83 "M" 3 1 1 0 0.59 -1.11966274633242 2.32060956326585 0 -3.44027230959827
306 135 128 "M" 3 1 1 0 0.553333 10.7802556845579 15.7234804418633 0 -4.94322475730541
307 136 100 "M" 3 0 2 0 0.623333 12.7602583468311 -8.1113930175742 0 20.8716513644053
308 136 171 "M" 3 0 2 0 0.606667 -21.2556584671486 -11.1672204897485 0 -10.0884379774001
309 151 84 "F" 3 0 0 0 0.533333 -1.4856506754096 -14.7730954722573 0 13.2874447968477
310 151 63 "M" 3 1 1 0 0.553333 26.1276762691453 20.0131354851731 0 6.11454078397228
311 237 96 "F" 4 0 0 0 0.553333 -0.881578807963173 5.38356963704797 0 -6.26514844501115
312 237 243 "M" 4 0 0 0 0.576667 -15.8903971116674 -1.81897612451454 0 -14.0714209871528
313 237 100 "M" 4 0 0 0 0.55 8.91816961407133 -1.73329026820192 0 10.6514598822732
314 222 249 "F" 4 0 0 0.25 0.536667 20.3396380232576 12.0316721549132 0 8.30796586834438
315 222 209 "F" 4 0 0 0 0.573333 -11.0278590116684 -14.8572640529551 0 3.82940504128672
316 222 221 "M" 4 0 0 0.125 0.576667 -25.6923232561974 -17.8020666145624 0 -7.89025664163504
317 247 226 "F" 4 0 0 0 0.596667 -4.64934803954218 12.8541366512263 0 -17.5034846907685
318 247 40 "M" 4 0 0 0 0.533333 -13.3496456091131 7.85996141937923 0 -21.2096070284923
319 247 264 "F" 4 0 0 0 0.603333 4.56596620838686 3.00303187865914 0 1.56293432972772
320 227 124 "F" 4 0 0 0 0.523333 -24.4156546386278 -12.9330648421755 0 -11.4825897964523
321 227 74 "M" 4 0 0 0 0.53 9.60541256429102 0.91135635399032 0 8.6940562103007
322 227 298 "M" 4 0 0 0 0.59 -8.71811992599222 -11.6048765345513 0 2.88675660855911
323 223 257 "F" 4 0 0 0 0.533333 -18.8641331719638 -10.6737941762782 0 -8.1903389956856
324 223 236 "F" 4 0 0 0 0.556667 -10.6329652420909 -13.1917617727927 0 2.5587965307018
325 223 173 "M" 4 0 0 0 0.563333 -16.1192201819854 0.368175681890632 0 -16.487395863876
326 284 98 "F" 4 0 0 0 0.556667 19.0797891222026 6.96025796568144 0 12.1195311565211
327 284 152 "F" 4 0 0 0 0.546667 9.55233499107656 3.73715218341103 0 5.81518280766554
328 284 110 "M" 4 0 0 0 0.556667 18.7821433292851 6.75526204832473 0 12.0268812809604
329 271 56 "F" 4 0 0 0 0.523333 -14.1275931449238 -23.2118566138912 0 9.08426346896748
330 271 156 "F" 4 0 0 0 0.593333 18.9818607779598 12.8719506698821 0 6.10991010807773
331 271 279 "F" 4 0 0 0.007813 0.51 -0.968752211786438 -2.56422045872665 0 1.59546824694021
332 217 84 "F" 4 0 0 0 0.5 6.84128851739761 10.6169629672255 0 -3.7756744498279
333 217 230 "M" 4 0 0 0 0.536667 -1.54407385405854 7.07420363089002 0 -8.61827748494856
334 217 101 "M" 4 0 0 0 0.506667 -1.761137858326 -0.768245276370645 0 -0.992892581955352
335 266 188 "F" 4 0 0 0 0.563333 4.35245998792026 5.85012939302207 0 -1.49766940510181
336 266 58 "M" 4 0 0 0 0.596667 10.9838343725103 4.95497111776781 0 6.02886325474245
337 266 97 "M" 4 0 0 0 0.58 4.56279864305677 4.20982850608602 0 0.35297013697075
338 290 278 "F" 4 0 0 0.0625 0.553333 1.24514482512727 -0.272643353755942 0 1.51778817888321
339 290 60 "F" 4 0 0 0.125 0.59 -2.82414534239705 -3.09324590101542 0 0.269100558618375
340 290 85 "M" 4 0 0 0 0.563333 9.95389086180452 5.31184112160923 0 4.64204974019528
341 261 99 "M" 4 0 0 0 0.603333 -7.35069505439703 -9.34396416964776 0 1.99326911525074
342 261 194 "M" 4 0 0 0 0.536667 -14.5323630509898 3.94399839522717 0 -18.476361446217
343 305 81 "F" 4 0 0 0 0.553333 16.3132898730173 10.7698884491889 0 5.54340142382831
344 305 93 "M" 4 0 0 0 0.56 -28.1315109836054 -9.72104508649123 0 -18.4104658971141
345 213 59 "F" 4 0 0 0 0.576667 -1.07257248332631 -1.86664396611565 0 0.794071482789343
346 213 301 "M" 4 0 0 0 0.546667 -0.878940569640616 5.02665165339319 0 -5.90559222303381
347 275 31 "M" 4 0 0 0 0.52 -41.4833954793078 -17.1890889377303 0 -24.2943065415775
348 275 33 "F" 4 0 0 0 0.496667 -16.7631865467825 -10.5050719742119 0 -6.25811457257063
349 310 86 "M" 4 0 0 0 0.506667 -3.81446012988998 1.42358331211974 0 -5.23804344200972
350 310 103 "F" 4 0 0 0 0.59 -3.59299207313257 -7.0610455237412 0 3.46805345060863
351 215 52 "M" 4 0 0 0 0.533333 2.12291807412125 5.87452272551393 0 -3.75160465139268
352 215 171 "F" 4 0 0 0.0625 0.563333 16.0587467274025 1.09134730872947 0 14.967399418673
353 185 47 "F" 4 0 0 0 0.503333 8.27185414626938 11.5183788236 0 -3.24652467733067
354 185 66 "M" 4 0 0 0 0.6 6.20574166956341 2.49804215036068 0 3.70769951920273
355 234 77 "M" 4 0 0 0 0.54 -2.24744040207104 -0.438420749781323 0 -1.80901965228972
356 234 141 "M" 4 0 0 0 0.556667 3.7806945562988 -2.01009849124324 0 5.79079304754204
357 308 102 "F" 4 0 0 0 0.58 -3.39951171009682 5.54314083798312 0 -8.94265254807995
358 308 150 "F" 4 0 0 0 0.533333 -15.7740123772876 5.12505400512082 0 -20.8990663824084
359 198 42 "F" 4 0 0 0 0.586667 -7.06418443435355 -6.22996840587003 0 -0.834216028483519
360 198 224 "F" 4 0 0 0 0.57 16.4570401346247 -9.52209352791491 0 25.9791336625396
361 307 61 "F" 4 0 0 0 0.566667 17.3194866999999 -3.44253346794684 0 20.7620201679467
362 307 265 "F" 4 0 0 0 0.533333 13.7450649774944 16.6947485955125 0 -2.94968361801815
363 207 258 "F" 4 0 0 0.125 0.513333 -5.33402742058294 -1.8695323944167 0 -3.46449502616624
364 207 90 "F" 4 0 0 0 0.523333 -26.623237429774 4.92816403694245 0 -31.5514014667165
365 244 205 "F" 4 0 0 0 0.51 -3.70644112519048 -8.49950703232755 0 4.79306590713707
366 244 256 "F" 4 0 0 0.03125 0.546667 -14.0115411189548 -3.60902319814879 0 -10.402517920806
367 241 70 "M" 4 0 0 0 0.496667 -21.7941569939774 -1.55758279054875 0 -20.2365742034286
368 241 128 "F" 4 0 0 0 0.493333 -6.1101704592685 -4.50094642195014 0 -1.60922403731835
369 306 259 "M" 4 0 0 0 0.563333 -17.0291014754813 -7.80138705875903 0 -9.22771441672226
370 306 210 "F" 4 0 0 0 0.536667 -7.21695499269908 -2.68592190114393 0 -4.53103309155515
371 251 129 "M" 4 0 0 0 0.546667 -6.16993124229273 -1.90647524998802 0 -4.26345599230471
372 251 181 "M" 4 0 0 0 0.603333 -1.58396283179398 1.35953663299801 0 -2.94349946479199
373 182 212 "M" 4 0 0 0 0.533333 6.38961910441218 3.47394123296323 0 2.91567787144895
374 182 246 "F" 4 0 0 0 0.52 15.7980320786336 7.59207023754746 0 8.20596184108613
375 206 137 "M" 4 0 0 0 0.536667 5.41657092220159 1.72030364039652 0 3.69626728180507
376 206 94 "F" 4 0 0 0 0.576667 -0.178052058456855 -7.52427232466976 0 7.3462202662129
377 186 72 "M" 4 0 0 0 0.556667 9.67411317872681 5.26550585301252 0 4.40860732571428
378 186 139 "M" 4 0 0 0 0.546667 -2.88624715539158 -2.792036176687 0 -0.0942109787045788
379 192 140 "M" 4 0 0 0 0.58 -22.6797097440999 -8.71949682652581 0 -13.9602129175741
380 192 252 "M" 4 0 0 0 0.576667 -20.3820560757323 -18.0395391966221 0 -2.34251687911025
