"Progeny" "Sire" "Dam" "Sex" "G" "NMPrg" "NFPrg" "F" "Homo" "Phen" "Res" "Polygene" "QTL"
1 0 0 "M" 0 3 1 0 0.59 32.8145891782342 11.1842821085624 0 21.6303070696717
2 0 0 "M" 0 1 1 0 0.526667 -13.6252892057195 -0.792899560918654 0 -12.8323896448009
3 0 0 "M" 0 0 5 0 0.53 3.90582590636349 14.811272809492 0 -10.9054469031285
4 0 0 "M" 0 1 4 0 0.56 14.599635122064 9.36357738612965 0 5.23605773593439
5 0 0 "M" 0 3 2 0 0.53 38.5132208412793 22.6309406237787 0 15.8822802175006
6 0 0 "M" 0 2 0 0 0.533333 23.2807130394225 20.7001275526071 0 2.58058548681533
7 0 0 "M" 0 2 0 0 0.506667 30.481567166648 26.3272016263445 0 4.15436554030353
8 0 0 "M" 0 1 2 0 0.546667 3.28172888584607 -3.22494211180919 0 6.50667099765526
9 0 0 "M" 0 0 2 0 0.563333 1.40417859361336 3.99435864553881 0 -2.59018005192545
10 0 0 "M" 0 2 2 0 0.596667 -16.8480580504247 -4.57476741412842 0 -12.2732906362963
11 0 0 "M" 0 1 4 0 0.586667 -7.26790951169982 -6.23288488866931 0 -1.03502462303051
12 0 0 "M" 0 1 2 0 0.526667 -17.7402470443202 -2.54391590001503 0 -15.1963311443052
13 0 0 "M" 0 1 1 0 0.536667 0.502538326127642 -2.5763243522956 0 3.07886267842324
14 0 0 "M" 0 2 3 0 0.53 11.0079209839597 11.777108762653 0 -0.769187778693356
15 0 0 "M" 0 2 0 0 0.553333 20.0823865996078 -2.03357529623982 0 22.1159618958476
16 0 0 "M" 0 1 2 0 0.533333 -6.96293148671635 -6.40276663142958 0 -0.560164855286773
17 0 0 "M" 0 0 2 0 0.566667 -17.1121079677564 1.78372824424067 0 -18.8958362119971
18 0 0 "M" 0 1 1 0 0.536667 -6.47371171856536 -5.47696876971 0 -0.996742948855358
19 0 0 "M" 0 2 0 0 0.503333 6.4986933691447 -5.9993416116563 0 12.498034980801
20 0 0 "M" 0 1 2 0 0.553333 -3.20836945434137 2.11793130973276 0 -5.32630076407414
21 0 0 "M" 0 2 2 0 0.543333 17.8868454450254 7.77096641028995 0 10.1158790347354
22 0 0 "M" 0 0 2 0 0.606667 25.4432221391826 13.4238067195549 0 12.0194154196277
23 0 0 "M" 0 0 5 0 0.526667 10.9955917488001 7.51217824948857 0 3.48341349931153
24 0 0 "M" 0 3 1 0 0.54 -7.0495146127452 -1.0858484370016 0 -5.96366617574361
25 0 0 "M" 0 4 2 0 0.556667 6.38509760643812 15.4203193744089 0 -9.03522176797081
26 0 0 "M" 0 2 3 0 0.573333 -17.764534033295 -5.52398713832935 0 -12.2405468949656
27 0 0 "M" 0 1 3 0 0.57 -19.6056499139631 -20.2128285960171 0 0.607178682054012
28 0 0 "M" 0 2 2 0 0.566667 19.4815463286217 12.8185206191808 0 6.66302570944089
29 0 0 "M" 0 2 1 0 0.573333 0.221654739692351 -11.527210777969 0 11.7488655176614
30 0 0 "M" 0 1 3 0 0.503333 -8.96080806763215 -7.05183458051044 0 -1.90897348712171
31 0 0 "F" 0 1 2 0 0.506667 5.80478747908556 14.9680736272827 0 -9.16328614819714
32 0 0 "F" 0 3 1 0 0.506667 -14.7024249784168 -17.775997692121 0 3.07357271370421
33 0 0 "F" 0 1 2 0 0.603333 8.55627523894675 8.02255675589017 0 0.533718483056587
34 0 0 "F" 0 2 1 0 0.51 -9.93298675970068 -13.2074738560752 0 3.27448709637456
35 0 0 "F" 0 0 1 0 0.566667 -11.2257906750312 -4.86796591566423 0 -6.35782475936693
36 0 0 "F" 0 3 0 0 0.596667 -16.6698537661071 -15.3984929257811 0 -1.27136084032598
37 0 0 "F" 0 0 4 0 0.616667 -9.23603183652057 -9.28297134402533 0 0.0469395075047617
38 0 0 "F" 0 0 1 0 0.563333 -4.05402056697848 -17.1323721524101 0 13.0783515854316
39 0 0 "F" 0 4 0 0 0.57 5.6108478058107 1.75348300199659 0 3.85736480381411
40 0 0 "F" 0 4 0 0 0.56 -32.2090765442369 -29.4867898735631 0 -2.72228667067379
41 0 0 "F" 0 2 1 0 0.623333 17.9339093747223 5.93758611102829 0 11.996323263694
42 0 0 "F" 0 1 3 0 0.61 -3.86024214369713 -11.6940767071795 0 7.83383456348236
43 0 0 "F" 0 1 1 0 0.646667 -0.091177515991359 -1.698248645222 0 1.60707112923064
44 0 0 "F" 0 2 1 0 0.576667 16.1492287523772 13.5094960598314 0 2.63973269254583
45 0 0 "F" 0 1 3 0 0.54 9.77385012974641 4.74066024995693 0 5.03318987978947
46 0 0 "F" 0 2 0 0 0.553333 -20.8225089105501 -16.4244693900908 0 -4.39803952045931
47 0 0 "F" 0 1 0 0 0.58 -17.5364723867782 -12.010017220624 0 -5.52645516615413
48 0 0 "F" 0 2 2 0 0.566667 -26.5880562786203 -16.3875059926076 0 -10.2005502860127
49 0 0 "F" 0 0 2 0 0.516667 -6.59920089768239 -3.2992996501559 0 -3.29990124752649
50 0 0 "F" 0 1 3 0 0.583333 6.44814929424516 5.24850301974651 0 1.19964627449865
51 0 0 "F" 0 3 1 0 0.556667 -2.49883864659803 -6.52543140467603 0 4.02659275807799
52 0 0 "F" 0 0 2 0 0.546667 -19.2993464840331 -25.8284552678479 0 6.52910878381477
53 0 0 "F" 0 3 1 0 0.573333 0.675294489280538 -6.07823680760598 0 6.75353129688652
54 0 0 "F" 0 1 1 0 0.53 18.9771089261213 0.185710424010734 0 18.7913985021106
55 0 0 "F" 0 0 1 0 0.556667 3.05405344774701 -1.36942806868923 0 4.42348151643624
56 0 0 "F" 0 1 0 0 0.58 -2.7848137578231 -9.92511481215015 0 7.14030105432705
57 0 0 "F" 0 1 3 0 0.536667 -23.4521604489283 -3.18840523229304 0 -20.2637552166353
58 0 0 "F" 0 1 1 0 0.53 -10.3740283989039 -10.821969145044 0 0.447940746140149
59 0 0 "F" 0 2 0 0 0.52 10.8438718170221 11.08449689403 0 -0.240625077007967
60 0 0 "F" 0 3 1 0 0.533333 -7.82161830638583 -8.46064201678571 0 0.639023710399883
61 0 0 "F" 0 2 1 0 0.543333 20.1272418833038 17.9521919484791 0 2.17504993482471
62 0 0 "F" 0 0 1 0 0.516667 19.9035319528306 18.8757121363238 0 1.02781981650681
63 0 0 "F" 0 2 2 0 0.546667 3.70619032994663 -1.04322737956872 0 4.74941770951535
64 0 0 "F" 0 2 2 0 0.573333 16.7433055898337 0.513137762559608 0 16.230167827274
65 0 0 "F" 0 3 1 0 0.553333 -12.4415562863295 3.52201108249791 0 -15.9635673688274
66 0 0 "F" 0 1 1 0 0.606667 8.11532057412914 11.6195694247897 0 -3.50424885066053
67 0 0 "F" 0 0 2 0 0.566667 0.454385931032931 -0.80906105041562 0 1.26344698144855
68 0 0 "F" 0 2 1 0 0.616667 25.1578178970203 20.4242610622634 0 4.73355683475688
69 0 0 "F" 0 0 1 0 0.526667 -11.475078675638 -1.06772256729176 0 -10.4073561083462
70 0 0 "F" 0 0 1 0 0.583333 -0.577286835766916 11.2535556861944 0 -11.8308425219613
71 0 0 "F" 0 0 1 0 0.56 -21.2830234907289 -6.99527999073599 0 -14.2877434999929
72 0 0 "F" 0 2 2 0 0.523333 27.7928570559016 22.6122397876624 0 5.18061726823928
73 0 0 "F" 0 1 1 0 0.55 -6.42612090205821 -1.11047501038494 0 -5.31564589167328
74 0 0 "F" 0 2 1 0 0.546667 31.844923476479 17.7605841629372 0 14.0843393135418
75 0 0 "F" 0 0 2 0 0.586667 3.14687461399014 -6.02801267309801 0 9.17488728708815
76 0 0 "F" 0 0 2 0 0.523333 -14.380883201898 -12.3688474675714 0 -2.01203573432658
77 0 0 "F" 0 1 0 0 0.55 10.4369075498128 6.1302987874461 0 4.30660876236666
78 0 0 "F" 0 0 4 0 0.53 -12.1362487464943 1.77521488046816 0 -13.9114636269625
79 0 0 "F" 0 3 1 0 0.53 4.09972322978053 0.575254177852515 0 3.52446905192801
80 0 0 "F" 0 2 1 0 0.57 6.20615379044573 1.60263438174888 0 4.60351940869685
81 0 0 "F" 0 1 3 0 0.52 -24.3028578155363 -13.8130018057153 0 -10.489856009821
82 0 0 "F" 0 1 1 0 0.526667 13.7993862303733 4.59579733852571 0 9.2035888918476
83 0 0 "F" 0 3 1 0 0.553333 5.18732162767419 9.13430258912788 0 -3.94698096145369
84 0 0 "F" 0 1 3 0 0.56 -2.41378951462261 -9.06904661107562 0 6.65525709645301
85 0 0 "F" 0 1 2 0 0.573333 4.28839988434005 2.64517538782875 0 1.6432244965113
86 0 0 "F" 0 0 4 0 0.55 15.0150887466327 19.1111744842499 0 -4.09608573761727
87 0 0 "F" 0 3 1 0 0.55 5.57415041008354 -7.94223774716428 0 13.5163881572478
88 0 0 "F" 0 2 1 0 0.526667 -12.982983296895 1.78429529787854 0 -14.7672785947736
89 0 0 "F" 0 2 1 0 0.526667 -21.8992956542019 -9.22534566972152 0 -12.6739499844804
90 0 0 "F" 0 2 2 0 0.58 -22.7183932428409 8.76196577859135 0 -31.4803590214323
91 0 0 "F" 0 1 0 0 0.536667 -2.29541456030934 0.105235447134516 0 -2.40065000744386
92 0 0 "F" 0 0 1 0 0.54 0.519992364196255 4.93202685504159 0 -4.41203449084533
93 0 0 "F" 0 1 0 0 0.62 -11.7919663175132 -18.0604417913791 0 6.26847547386597
94 0 0 "F" 0 1 3 0 0.526667 21.8051234368107 12.8142103027754 0 8.99091313403533
95 0 0 "F" 0 3 1 0 0.59 16.5911364836187 8.87269260452566 0 7.71844387909306
96 0 0 "F" 0 1 1 0 0.566667 -3.89643671654654 -5.58800878150095 0 1.69157206495441
97 0 0 "F" 0 1 2 0 0.57 -25.7567864056922 -7.53827410381659 0 -18.2185123018756
98 0 0 "F" 0 0 1 0 0.573333 20.5591686279349 8.1910367624555 0 12.3681318654794
99 0 0 "F" 0 3 1 0 0.466667 -11.4802880643339 -11.410970007686 0 -0.0693180566479025
100 0 0 "F" 0 2 2 0 0.656667 -9.94430905530833 -1.17197119386823 0 -8.7723378614401
101 29 91 "M" 1 0 0 0 0.596667 5.59233977042727 3.66992499206217 0 1.9224147783651
102 29 87 "F" 1 1 2 0 0.573333 12.8728211638204 -6.56498973245608 0 19.4378108962765
103 29 36 "M" 1 0 0 0 0.55 4.52906466917898 -3.78826403137014 0 8.31732870054912
104 8 78 "F" 1 3 0 0 0.523333 10.9429717568314 -0.127776769494019 0 11.0707485263254
105 8 64 "F" 1 0 0 0 0.563333 15.3268292629562 13.1392126444727 0 2.18761661848355
106 8 96 "M" 1 3 2 0 0.54 1.21188709520574 3.72034551923313 0 -2.50845842402739
107 20 85 "M" 1 0 0 0 0.566667 -6.66879043637712 -3.02217889883716 0 -3.64661153753996
108 20 95 "F" 1 1 2 0 0.59 -14.4063369535689 -19.4464495866852 0 5.04011263311628
109 20 62 "F" 1 0 0 0 0.556667 -7.30282411105967 -9.9712710738848 0 2.66844696282513
110 25 49 "F" 1 0 0 0 0.476667 -21.3064885705488 -14.7926655905222 0 -6.51382298002667
111 25 67 "F" 1 0 0 0 0.533333 -20.854917719807 -21.5217133185589 0 0.66679559875198
112 25 48 "M" 1 0 0 0 0.493333 -6.12328340629787 4.21400471313277 0 -10.3372881194306
113 14 72 "M" 1 1 4 0 0.606667 1.45685441121772 -1.85956714315125 0 3.31642155436897
114 14 33 "F" 1 0 0 0 0.55 -12.4011682175057 -11.6078082063814 0 -0.79336001112434
115 14 54 "F" 1 1 2 0 0.56 2.62272269634225 -9.44101200356935 0 12.0637346999116
116 23 37 "F" 1 0 0 0 0.516667 3.86551115257202 3.88550163512937 0 -0.0199904825573481
117 23 55 "F" 1 2 1 0 0.543333 10.7548965644081 0.956753449157041 0 9.79814311525101
118 23 71 "F" 1 0 0 0 0.566667 26.6847948545093 23.4889451504253 0 3.19584970408399
119 3 81 "F" 1 0 0 0 0.55 -29.5545633754555 -6.72542415579484 0 -22.8291392196607
120 3 97 "F" 1 0 0 0 0.553333 -5.93515927778548 0.258976269746865 0 -6.19413554753235
121 3 86 "F" 1 0 0 0 0.55 -14.8648402444525 -6.68489430283372 0 -8.17994594161881
122 16 39 "M" 1 3 2 0 0.573333 -18.8762412433387 -15.2739478283869 0 -3.60229341495186
123 16 75 "F" 1 0 0 0 0.54 5.02266242587189 -0.133738920365153 0 5.15640134623705
124 16 98 "F" 1 0 0 0 0.563333 22.8157546535327 11.9098190024221 0 10.9059356511106
125 12 84 "F" 1 0 0 0 0.57 -12.0422823030775 -8.14546858009608 0 -3.89681372298143
126 12 50 "F" 1 3 0 0 0.533333 -10.3448598772228 2.26339469357135 0 -12.6082545707941
127 12 77 "M" 1 3 1 0 0.56 4.69811279357066 9.92753370862357 0 -5.22942091505291
128 5 40 "M" 1 0 0 0 0.556667 4.59635670701994 -6.14377816899851 0 10.7401348760185
129 5 53 "M" 1 0 0 0 0.533333 -24.6977451574195 -30.0343973798352 0 5.3366522224157
130 5 58 "F" 1 0 0 0 0.506667 12.2715659347057 12.764501674277 0 -0.492935739571289
131 21 73 "F" 1 1 2 0 0.543333 -2.17277469560886 3.71205877337856 0 -5.88483346898742
132 21 94 "F" 1 1 2 0 0.513333 14.6096902880043 5.98535019267308 0 8.6243400953312
133 6 43 "M" 1 3 2 0 0.576667 -4.77712933613219 -6.17977561344603 0 1.40264627731384
134 6 32 "M" 1 4 1 0 0.556667 27.1377882476459 20.7663734849432 0 6.37141476270274
135 7 41 "M" 1 0 0 0 0.593333 7.67144342972422 7.76637251212942 0 -0.0949290824052034
136 7 66 "M" 1 0 0 0 0.566667 -2.3120004347201 1.35579846367281 0 -3.66779889839291
137 18 45 "F" 1 3 0 0 0.543333 -5.75606106838867 -14.4213569932967 0 8.66529592490806
138 18 88 "M" 1 3 2 0 0.566667 -6.30950896310507 0.168993114071277 0 -6.47850207717635
139 24 99 "M" 1 2 3 0 0.536667 11.0879893000283 11.345689194799 0 -0.257699894770649
140 24 44 "M" 1 0 0 0 0.57 -3.79991670439187 0.276709979424003 0 -4.07662668381587
141 11 35 "F" 1 1 2 0 0.55 21.0486337745727 13.2428745882888 0 7.80575918628393
142 11 76 "F" 1 1 2 0 0.536667 -22.622168264565 -11.3383115039259 0 -11.2838567606391
143 30 31 "F" 1 0 0 0 0.583333 1.37607583052986 3.76939526666156 0 -2.3933194361317
144 30 47 "M" 1 3 2 0 0.586667 -16.700121492464 -14.0709095474855 0 -2.62921194497841
145 4 42 "F" 1 0 0 0 0.57 4.71332829911418 1.76593706043651 0 2.94739123867766
146 4 68 "F" 1 0 0 0 0.62 2.86436271294084 0.126327695958682 0 2.73803501698215
147 17 92 "F" 1 1 2 0 0.47 -22.389658119024 -2.72995681663497 0 -19.659701302389
148 17 38 "F" 1 0 0 0 0.556667 3.14850095226843 4.01852566207069 0 -0.870024709802254
149 27 89 "F" 1 0 0 0 0.593333 -11.7554077536994 -2.03166322811985 0 -9.72374452557956
150 27 56 "M" 1 2 2 0 0.55 22.7231108314603 18.8679539328858 0 3.85515689857453
151 26 52 "F" 1 0 0 0 0.503333 -0.839434888164406 -3.11172162965603 0 2.27228674149163
152 26 93 "M" 1 2 3 0 0.55 -8.15137616251054 -2.74994437242169 0 -5.40143179008885
153 2 100 "M" 1 1 3 0 0.603333 -20.1098075903178 -4.87193977122875 0 -15.237867819089
154 2 65 "F" 1 0 0 0 0.54 -48.6586255918368 -33.8660251102173 0 -14.7926004816195
155 9 61 "F" 1 1 2 0 0.543333 6.73063548136724 7.91315041530961 0 -1.18251493394238
156 9 69 "F" 1 0 0 0 0.536667 3.32328145177713 6.98692582545737 0 -3.66364437368024
157 19 79 "M" 1 0 0 0 0.566667 5.62368162098468 -1.91027317647991 0 7.5339547974646
158 19 82 "M" 1 3 1 0 0.536667 15.0657403416047 -5.37598424948646 0 20.4417245910912
159 13 80 "F" 1 0 3 0 0.64 11.7044735339841 8.2332369384177 0 3.47123659556642
160 13 46 "M" 1 0 0 0 0.54 -6.35820594229022 -6.46302547671644 0 0.104819534426223
161 15 51 "M" 1 0 0 0 0.56 19.4174376870634 7.68025780393965 0 11.7371798831238
162 15 59 "M" 1 0 0 0 0.54 2.43488924802873 -13.7709690559385 0 16.2058583039672
163 28 70 "F" 1 0 0 0 0.556667 -13.4276674156306 -14.453293940801 0 1.02562652517048
164 28 63 "M" 1 0 0 0 0.53 6.23282870972536 -1.26382265545423 0 7.49665136517959
165 1 34 "F" 1 0 0 0 0.533333 9.80346144441537 -5.33310782128382 0 15.1365692656992
166 1 74 "M" 1 5 1 0 0.57 46.6977873943917 17.8726049805138 0 28.8251824138779
167 22 57 "F" 1 0 0 0 0.556667 9.85256100125372 18.4387303997743 0 -8.58616939852059
168 22 60 "F" 1 0 0 0 0.56 1.51381039262824 -2.84508803578971 0 4.35889842841794
169 10 83 "M" 1 0 0 0 0.533333 -3.85387296084364 7.18282312716576 0 -11.0366960880094
170 10 90 "M" 1 2 2 0 0.573333 -10.7323086734306 4.85726749440421 0 -15.5895761678348
171 166 54 "M" 2 0 0 0 0.58 24.4572194068541 3.13326789987088 0 21.3239515069832
172 166 57 "F" 2 1 1 0 0.526667 13.0094683582582 7.86339619052204 0 5.14607216773617
173 166 132 "M" 2 2 2 0 0.54 34.3062821399891 8.84498763705073 0 25.4612945029384
174 25 36 "M" 2 0 0 0 0.616667 -4.00753208496901 -5.42511437943841 0 1.4175822944694
175 25 137 "M" 2 0 0 0 0.563333 -2.90102469601552 -7.81698546674596 0 4.91596077073044
176 25 95 "M" 2 2 2 0 0.51 1.07231069790864 3.38381580390833 0 -2.31150510599968
177 138 39 "M" 2 0 0 0 0.533333 -17.636968498414 -8.02385364314479 0 -9.61311485526921
178 138 100 "M" 2 0 0 0 0.533333 -7.62483279526731 11.1132307613604 0 -18.7380635566277
179 138 86 "F" 2 0 0 0 0.55 -12.4098641480742 -4.13658203519073 0 -8.27328211288342
180 11 41 "F" 2 2 0 0 0.543333 21.1619784553323 13.7804849339958 0 7.38149352133654
181 11 49 "F" 2 1 1 0 0.573333 -4.21825517027802 7.53399252300535 0 -11.7522476932834
182 11 34 "M" 2 4 0 0 0.56 -5.06868670310331 -8.75238780810803 0 3.68370110500472
183 122 37 "F" 2 0 0 0 0.536667 -13.4220351477946 -8.79590570944257 0 -4.62612943835207
184 122 147 "F" 2 0 0 0 0.546667 -9.13420979182648 -0.838305893812385 0 -8.29590389801409
185 122 84 "M" 2 0 0 0 0.553333 9.2262510603685 4.51669272639767 0 4.70955833397083
186 113 64 "F" 2 0 0 0 0.493333 -6.10093687868695 -16.0177758290971 0 9.91683895041012
187 113 83 "F" 2 0 0 0 0.526667 -3.8902794221477 -3.2118571317689 0 -0.678422290378795
188 113 97 "F" 2 0 0 0 0.58 -18.1943350943696 1.60312262222688 0 -19.7974577165965
189 4 53 "M" 2 2 2 0 0.616667 -0.664876430877721 -9.19293051023821 0 8.52805407936049
190 4 51 "F" 2 0 0 0 0.626667 -13.0169711777933 -19.8153591358402 0 6.79838795804696
191 4 90 "F" 2 0 0 0 0.533333 1.45499220214408 7.33164883767434 0 -5.87665663553026
192 26 73 "M" 2 0 0 0 0.556667 -3.13176392855064 16.2700119117858 0 -19.4017758403364
193 26 45 "F" 2 1 1 0 0.5 -20.1837476012091 -19.6294681595674 0 -0.554279441641671
194 26 52 "F" 2 0 0 0 0.636667 -17.225533850794 -11.9939564414398 0 -5.23157740935414
195 106 104 "M" 2 0 0 0.125 0.546667 21.079873495439 -0.950359881652377 0 22.0302333770913
196 106 102 "M" 2 3 3 0 0.596667 19.9351157280903 2.31122199559707 0 17.6238937324932
197 106 108 "M" 2 3 2 0 0.523333 13.9677008625295 9.55232625253388 0 4.41537460999564
198 144 117 "M" 2 0 0 0 0.54 1.13726155781606 -0.848653962276363 0 1.98591552009242
199 144 142 "M" 2 0 0 0 0.503333 2.38237698845457 4.29135047557628 0 -1.90897348712171
200 144 141 "F" 2 1 1 0 0.523333 4.11204828712433 -9.53566763930326 0 13.6477159264276
201 21 32 "M" 2 0 0 0 0.51 19.8467982330876 13.1989761295943 0 6.64782210349329
202 21 80 "M" 2 0 0 0 0.59 -3.97263764615055 -7.5678656145488 0 3.59522796839825
203 133 74 "M" 2 0 5 0 0.54 13.4890058644746 15.3027677498141 0 -1.81376188533942
204 133 79 "F" 2 0 0 0 0.606667 -14.4487372766538 -17.7521228612602 0 3.30338558460644
205 150 42 "F" 2 0 0 0 0.56 -0.644630229126477 -9.38872455235273 0 8.74409432322625
206 150 126 "M" 2 1 3 0 0.543333 -4.09962997593595 6.1485894299455 0 -10.2482194058815
207 158 88 "M" 2 1 3 0 0.493333 1.64241340543102 -1.41149919180547 0 3.05391259723649
208 158 40 "M" 2 2 3 0 0.56 -17.8875153236699 -27.3975246364968 0 9.51000931282692
209 28 61 "M" 2 0 0 0 0.58 24.2367273976049 23.9999115284894 0 0.236815869115586
210 28 50 "F" 2 0 2 0 0.563333 19.2442977974709 6.90061823493593 0 12.343679562535
211 5 76 "F" 2 0 0 0 0.546667 -10.734477280757 -11.9547280178301 0 1.22025073707312
212 5 72 "M" 2 4 2 0 0.453333 -0.0716453156010441 -6.44665173578889 0 6.37500642018784
213 170 60 "M" 2 0 0 0 0.58 -0.541590055907081 -1.79127706467372 0 1.24968700876664
214 170 43 "F" 2 2 0 0 0.566667 5.50058840625952 17.5683193479978 0 -12.0677309417383
215 14 46 "M" 2 0 0 0 0.533333 4.82841679778456 4.34201904932524 0 0.486397748459324
216 14 159 "F" 2 0 0 0 0.61 16.5562575673097 15.0196642593644 0 1.53659330794528
217 23 94 "F" 2 0 0 0 0.543333 17.7666184648221 9.47547155442213 0 8.29114691039997
218 23 115 "F" 2 0 0 0 0.52 -2.71336475939559 6.5122104457178 0 -9.22557520511339
219 1 59 "M" 2 0 0 0 0.62 9.42460345365761 -5.09581208319066 0 14.5204155368483
220 1 58 "M" 2 1 5 0 0.603333 13.2668373867258 6.72884070154122 0 6.53799668518457
221 27 75 "F" 2 0 0 0 0.503333 4.11955456123122 -8.63446482268978 0 12.754019383921
222 27 67 "F" 2 1 1 0 0.566667 13.4896708941827 6.64596964479932 0 6.84370124938341
223 3 33 "F" 2 0 2 0 0.576667 -2.44845452815211 4.10517744450043 0 -6.55363197265254
224 3 66 "F" 2 0 2 0 0.576667 -16.015832574669 0.247540838491777 0 -16.2633734131608
225 152 82 "F" 2 0 0 0 0.593333 -6.70278767414282 -6.84748911451673 0 0.144701440373914
226 152 99 "M" 2 4 2 0 0.536667 -12.406333725034 -5.94789820959985 0 -6.45843551543417
227 24 81 "F" 2 1 1 0 0.586667 -5.84229007120136 5.96952260879319 0 -11.8118126799946
228 24 89 "M" 2 3 1 0 0.61 -11.3428068505547 -6.16805266734491 0 -5.1747541832098
229 10 48 "F" 2 0 0 0 0.556667 -20.1844627405009 -5.74604793582142 0 -14.4384148046795
230 10 131 "F" 2 0 2 0 0.586667 -14.2370289417775 -3.50781757156696 0 -10.7292113702106
231 127 155 "M" 2 0 0 0 0.52 10.2762501371232 11.2048001635539 0 -0.928550026430718
232 127 65 "M" 2 0 0 0 0.526667 -39.8670864270141 -18.6414281069538 0 -21.2256583200603
233 153 78 "F" 2 0 0 0 0.583333 -6.32861703596157 8.91749871684988 0 -15.2461157528114
234 153 96 "F" 2 1 1 0 0.61 -6.96193268942017 5.34065638274812 0 -12.3025890721683
235 134 68 "M" 2 0 0 0 0.536667 -5.2558857384794 -17.2995493120873 0 12.0436635736079
236 134 87 "M" 2 0 0 0 0.636667 24.3142078275803 8.5644484967246 0 15.7497593308557
237 30 85 "F" 2 0 0 0 0.546667 7.26726061227318 4.3091281729062 0 2.95813243936698
238 30 31 "F" 2 0 0 0 0.543333 -11.0667029738926 -1.837796098819 0 -9.22890687507356
239 139 63 "F" 2 2 0 0 0.56 1.45855626444354 0.0515551169988073 0 1.40700114744473
240 139 44 "M" 2 2 3 0 0.596667 -9.39406713149004 -3.01345237214188 0 -6.38061475934816
241 212 42 "M" 3 1 1 0 0.523333 -2.96058782113858 -11.4930412525214 0 8.5324534313828
242 212 48 "M" 3 0 2 0 0.543333 -6.90870913143569 -5.11941153878205 0 -1.78929759265364
243 212 44 "F" 3 0 0 0 0.576667 5.83098823590674 2.36055039975168 0 3.47043783615506
244 134 31 "M" 3 0 0 0 0.49 -14.3109121520853 -2.84864196933324 0 -11.4622701827521
245 134 126 "M" 3 0 0 0 0.523333 -1.01705730648312 8.50710617681002 0 -9.52416348329315
246 134 223 "F" 3 0 0 0 0.573333 -7.33934047502935 -0.909015349466303 0 -6.43032512556305
247 166 63 "M" 3 2 1 0 0.523333 28.3543161408382 2.73555560089353 0 25.6187605399446
248 166 33 "M" 3 0 0 0 0.526667 21.5638348693183 7.83552063235885 0 13.7283142369594
249 166 65 "M" 3 2 0 0 0.56 -4.90793437081713 -12.9677867709284 0 8.05985240011126
250 196 41 "M" 3 0 0 0 0.576667 23.9675720279637 7.15212907305211 0 16.8154429549116
251 196 80 "M" 3 0 0 0 0.54 -0.386953294005188 -14.0053324592551 0 13.6183791652499
252 196 234 "F" 3 0 0 0.0625 0.633333 10.8785954305244 14.678808038416 0 -3.80021260789153
253 208 230 "F" 3 1 0 0 0.536667 3.71401308640191 5.01714413596129 0 -1.30313104955938
254 208 39 "M" 3 0 0 0 0.556667 8.62927774027646 -0.92993817734478 0 9.55921591762123
255 208 74 "F" 3 1 0 0 0.556667 33.6301962749251 8.41431697582105 0 25.2158792991041
256 139 90 "F" 3 0 0 0 0.586667 -24.595914036852 -0.570055830546188 0 -24.0258582063058
257 139 53 "M" 3 0 0 0 0.566667 31.7111714809089 21.7063184726952 0 10.0048530082136
258 139 108 "F" 3 0 1 0 0.563333 -1.25414385619711 2.56137083699517 0 -3.81551469319228
259 152 147 "M" 3 1 1 0 0.57 -1.1239404016799 10.6557617286734 0 -11.7797021303533
260 152 159 "F" 3 1 0 0 0.566667 2.25879452625076 6.78109971934393 0 -4.52230519309318
261 152 37 "F" 3 0 0 0 0.51 -5.17409680245337 -5.507526275862 0 0.333429473408635
262 133 99 "M" 3 2 1 0 0.58 1.38195828288443 1.05922644714685 0 0.322731835737573
263 133 57 "M" 3 0 0 0 0.513333 -17.2441121192477 0.597196747462346 0 -17.84130886671
264 133 227 "F" 3 0 0 0 0.543333 -8.05481607165573 -2.67158162642035 0 -5.38323444523538
265 220 45 "F" 3 1 0 0 0.596667 0.265205005316852 -2.18310951908105 0 2.4483145243979
266 220 78 "F" 3 0 0 0 0.593333 4.10130421084663 15.1766231619704 0 -11.0753189511238
267 220 89 "M" 3 0 0 0 0.543333 -12.5519901065484 -15.0856691611562 0 2.53367905460779
268 226 214 "M" 3 2 0 0 0.566667 0.65078746937186 16.4662298728541 0 -15.8154424034822
269 226 94 "M" 3 0 0 0 0.6 7.48611433695611 8.88421677821635 0 -1.39810244126025
270 226 50 "M" 3 0 0 0 0.533333 5.01866824957969 3.09233697586887 0 1.92633127371082
271 113 72 "F" 3 1 0 0.25 0.533333 11.7748837729233 3.44143848767679 0 8.33344528524648
272 113 172 "M" 3 0 0 0 0.553333 21.5048100652077 13.7536895290375 0 7.75112053617012
273 228 34 "M" 3 0 0 0 0.606667 22.0417939108114 22.9627540067128 0 -0.92096009590139
274 228 61 "M" 3 0 0 0 0.56 -6.83743520785722 -1.22409762430738 0 -5.61333758354984
275 106 224 "F" 3 0 0 0 0.55 -19.1402111842262 -2.35722116319954 0 -16.7829900210266
276 106 200 "F" 3 1 0 0 0.576667 28.9316091736586 8.3029289405224 0 20.6286802331362
277 150 97 "M" 3 0 0 0 0.526667 -13.5732576567751 -6.57849231935245 0 -6.9947653374227
278 150 88 "F" 3 0 1 0 0.566667 -3.99739371028397 4.05428790774245 0 -8.05168161802641
279 170 222 "F" 3 0 1 0 0.526667 2.16001567511699 7.00201343083167 0 -4.84199775571468
280 170 239 "M" 3 0 0 0 0.56 -9.49456821527105 3.11687200191231 0 -12.6114402171834
281 197 68 "M" 3 2 0 0 0.566667 11.7215950783514 1.62627790279605 0 10.0953171755553
282 197 102 "F" 3 0 0 0 0.603333 24.6900393462914 9.9872327679371 0 14.7028065783543
283 173 142 "F" 3 0 1 0 0.543333 3.53735038768847 3.73371898430675 0 -0.196368596618273
284 173 95 "M" 3 0 0 0 0.51 12.2248894063972 -1.68112319833627 0 13.9060126047335
285 127 155 "F" 3 0 0 0 0.553333 0.38804350827165 10.4568163532834 0 -10.0687728450118
286 127 79 "M" 3 2 0 0 0.526667 -9.98175266090015 -0.0760215205213199 0 -9.90573114037884
287 122 60 "M" 3 0 0 0 0.47 13.1260057438572 19.3238712977366 0 -6.19786555387943
288 122 32 "M" 3 1 1 0 0.593333 6.95288149587766 -2.31689859048357 0 9.26978008636123
289 207 141 "F" 3 0 0 0 0.576667 1.41640970168459 -8.2363717580222 0 9.65278145970678
290 207 85 "F" 3 0 0 0 0.576667 -14.2414584772499 -3.07862561539001 0 -11.1628328618599
291 189 40 "M" 3 2 0 0 0.553333 -10.9867375930575 -14.0236532246218 0 3.03691563156427
292 189 100 "F" 3 0 0 0 0.583333 -11.5340032830392 -9.15077562211063 0 -2.38322766092853
293 203 86 "F" 3 0 1 0 0.556667 -0.203833000435512 4.21660039226126 0 -4.42043339269677
294 203 132 "F" 3 1 0 0 0.546667 12.0915588951951 6.44257750265107 0 5.648981392544
295 144 83 "M" 3 1 1 0 0.533333 -0.243185901434806 7.99051600336013 0 -8.23370190479493
296 144 193 "F" 3 0 0 0 0.533333 6.33622483953727 2.92080662154963 0 3.41541821798763
297 206 181 "F" 3 1 0 0 0.536667 -19.5940570655577 -8.50358415648776 0 -11.0904729090699
298 206 87 "M" 3 0 0 0 0.506667 0.690173284342188 1.03493725491789 0 -0.344763970575698
299 182 64 "M" 3 0 0 0 0.58 10.1527318779515 -1.62576088598769 0 11.7784927639392
300 182 137 "M" 3 1 1 0 0.556667 9.30594794630852 -3.58021318195725 0 12.8861611282658
301 240 117 "F" 3 1 0 0 0.55 -3.94569878308067 -2.49870176227114 0 -1.44699702080952
302 240 36 "M" 3 1 2 0 0.516667 2.44363448694335 3.19329389557377 0 -0.749659408630416
303 158 81 "F" 3 0 0 0 0.506667 -11.9006642500086 -10.273418520872 0 -1.62724572913658
304 158 131 "M" 3 2 0 0 0.536667 20.5065622029864 15.2065602632627 0 5.30000193972369
305 138 51 "M" 3 0 0 0 0.573333 -8.1612795156181 -13.4526385075979 0 5.29135899197976
306 138 210 "F" 3 0 0 0 0.553333 -16.4944061640499 -6.24089662681469 0 -10.2535095372353
307 153 104 "M" 3 0 0 0 0.583333 -7.37823438414766 7.86788136866379 0 -15.2461157528114
308 153 84 "F" 3 0 0 0 0.57 8.0773418845711 16.1554281752947 0 -8.07808629072361
309 176 115 "M" 3 0 0 0 0.55 -16.3189741140248 -15.0510607620489 0 -1.26791335197593
310 176 180 "M" 3 0 0 0 0.58 -2.87526917165485 -2.15456521421026 0 -0.720703957444583
311 262 42 "F" 4 0 0 0 0.533333 2.07871626014829 -0.312152372861061 0 2.39086863300935
312 262 104 "M" 4 0 0 0 0.573333 7.85758118825028 1.28727924659958 0 6.5703019416507
313 262 234 "M" 4 0 0 0 0.616667 -2.99149539954524 1.27728402384793 0 -4.26877942339317
314 212 159 "F" 4 0 0 0 0.53 1.82704180158847 -7.78665535202187 0 9.61369715361034
315 212 83 "M" 4 0 0 0 0.59 11.8737180463297 4.44415384138196 0 7.42956420494778
316 212 126 "M" 4 0 0 0 0.566667 -2.59318932847081 5.48613537854039 0 -8.0793247070112
317 302 99 "F" 4 0 0 0.0625 0.576667 -11.7651884352836 -14.0355453642505 0 2.27035692896688
318 302 200 "M" 4 0 0 0 0.56 -6.60403556865561 -6.73378153688921 0 0.1297459682336
319 302 230 "F" 4 0 0 0 0.5 -13.207180432227 -4.43074848162072 0 -8.77643195060632
320 220 223 "F" 4 0 0 0 0.586667 -8.83014530296532 -14.340397489076 0 5.51025218611069
321 220 283 "F" 4 0 0 0.03125 0.533333 19.6133615486081 4.27240151953421 0 15.3409600290739
322 220 172 "F" 4 0 0 0.0625 0.603333 14.8173972547786 -4.43846933353618 0 19.2558665883148
323 247 255 "M" 4 0 0 0.0625 0.703333 21.2606714027921 -8.96643690119314 0 30.2271083039852
324 247 239 "M" 4 0 0 0.125 0.686667 30.0177475676887 14.841443238805 0 15.1763043288837
325 247 108 "F" 4 0 0 0 0.576667 30.6112886130336 3.83392565881766 0 26.7773629542159
326 197 79 "M" 4 0 0 0 0.536667 -0.17537315649922 -0.836294315229473 0 0.660921158730253
327 197 253 "M" 4 0 0 0 0.606667 11.4130499469507 5.01080991970655 0 6.40224002724415
328 197 37 "F" 4 0 0 0 0.513333 6.58036169525262 12.0346549166566 0 -5.45429322140394
329 240 137 "M" 4 0 0 0 0.523333 9.98646404938195 4.49195568017506 0 5.4945083692069
330 240 72 "F" 4 0 0 0 0.546667 -2.09757405488739 5.69225696558384 0 -7.78983102047122
331 240 48 "F" 4 0 0 0 0.566667 -19.0444704396592 -11.8964454098627 0 -7.14802502979655
332 196 102 "F" 4 0 0 0.25 0.933333 24.4613457163037 0.846388421052384 0 23.6149572952513
333 196 278 "F" 4 0 0 0 0.56 3.07457661899468 -4.96456961884821 0 8.03914623784289
334 196 227 "M" 4 0 0 0 0.553333 -8.16846626899357 -13.9394904967449 0 5.77102422775132
335 203 86 "F" 4 0 0 0 0.526667 -1.03552260119532 -0.065860024763097 0 -0.96966257643222
336 203 142 "F" 4 0 0 0 0.603333 -7.8193247362576 -2.82091568300063 0 -4.99840905325697
337 203 279 "F" 4 0 0 0 0.536667 -2.22019956639677 6.15692282463851 0 -8.37712239103528
338 226 294 "M" 4 0 0 0 0.583333 1.1172380627128 0.162016705638589 0 0.955221357074216
339 226 100 "F" 4 0 0 0 0.54 -16.5967082504084 -2.20843026265317 0 -14.3882779877553
340 226 84 "F" 4 0 0 0 0.596667 -7.37343144330761 -0.730078744884463 0 -6.64335269842315
341 300 50 "F" 4 0 0 0 0.523333 34.7674495191203 17.0654850412141 0 17.7019644779062
342 300 297 "M" 4 0 0 0.03125 0.506667 12.9992773623204 7.4298307063498 0 5.56944665597063
343 182 60 "M" 4 0 0 0 0.563333 -17.9413999345702 -20.9121540730879 0 2.97075413851769
344 182 193 "M" 4 0 0 0 0.533333 -2.24107997560718 2.6868474677951 0 -4.92792744340228
345 286 95 "M" 4 0 0 0 0.59 -6.42699016370532 -13.7059126668987 0 7.2789225031934
346 286 81 "M" 4 0 0 0 0.546667 -1.55180232018594 1.5196691442673 0 -3.07147146445325
347 206 147 "F" 4 0 0 0 0.49 -7.02471030286689 3.14489356585964 0 -10.1696038687265
348 206 132 "F" 4 0 0 0 0.603333 -8.73911013409844 -7.78881570904408 0 -0.950294425054362
349 304 214 "M" 4 0 0 0 0.543333 -16.8606048523743 -10.4219774890373 0 -6.43862736333698
350 304 301 "M" 4 0 0 0 0.56 21.8801296484453 13.5019541821761 0 8.37817546626925
351 259 141 "M" 4 0 0 0 0.626667 -12.5742979459976 -8.36494572416124 0 -4.20935222183631
352 259 53 "F" 4 0 0 0 0.493333 20.136062721892 19.7774800087849 0 0.358582713107152
353 207 78 "F" 4 0 0 0 0.603333 -24.2540633138254 -12.1957497850863 0 -12.0583135287391
354 207 222 "M" 4 0 0 0 0.54 -8.78812094236811 -6.36466664720649 0 -2.42345429516163
355 249 45 "M" 4 0 0 0 0.58 20.105433329672 -3.76035688506708 0 23.8657902147391
356 249 181 "M" 4 0 0 0 0.616667 17.2237362244126 0.85356895890244 0 16.3701672655102
357 295 64 "M" 4 0 0 0 0.476667 6.0236947817653 0.270727775758061 0 5.75296700600724
358 295 115 "F" 4 0 0 0 0.58 0.148169031758208 8.68924272088775 0 -8.54107368912955
359 189 32 "F" 4 0 0 0 0.51 9.52532842103323 4.30376486421243 0 5.2215635568208
360 189 271 "M" 4 0 0 0 0.553333 15.9448521821115 6.65190590517986 0 9.29294627693166
361 281 39 "M" 4 0 0 0 0.62 5.72917684067014 -4.26426905931068 0 9.99344589998082
362 281 265 "M" 4 0 0 0 0.563333 -3.11622462897407 -5.96728334952657 0 2.8510587205525
363 291 180 "M" 4 0 0 0 0.586667 3.94742316863821 3.62840152104545 0 0.319021647592752
364 291 260 "M" 4 0 0 0 0.596667 -15.9089378406988 -11.3779992326953 0 -4.53093860800352
365 242 94 "F" 4 0 0 0 0.54 7.60098665984646 0.502072742283177 0 7.09891391756328
366 242 57 "F" 4 0 0 0 0.59 5.79063289284044 13.1934775965673 0 -7.4028447037269
367 228 65 "M" 4 0 0 0 0.54 3.59107593120044 11.2716575503992 0 -7.68058161919872
368 228 155 "F" 4 0 0 0 0.6 -0.396289163874952 8.57461328844198 0 -8.97090245231693
369 288 276 "M" 4 0 0 0 0.533333 18.8790389981551 0.0352924988652929 0 18.8437464992898
370 288 224 "F" 4 0 0 0 0.54 8.19937330968919 8.43753256380455 0 -0.238159254115355
371 176 258 "F" 4 0 0 0.0625 0.556667 -18.736883221665 -8.43323191631509 0 -10.3036513053499
372 176 293 "F" 4 0 0 0 0.563333 34.0149403264034 19.9948624172962 0 14.0200779091072
373 173 90 "M" 4 0 0 0 0.573333 -16.45314318628 -3.63763228885587 0 -12.8155108974242
374 173 210 "F" 4 0 0 0 0.66 41.9649385173842 27.6170101686986 0 14.3479283486856
375 241 63 "F" 4 0 0 0 0.593333 9.50374345864369 4.00493830511894 0 5.49880515352475
376 241 117 "M" 4 0 0 0 0.57 21.0608908119602 5.21262945522023 0 15.84826135674
377 208 87 "M" 4 0 0 0 0.536667 -4.9515535918052 -10.7945534592624 0 5.84299986745718
378 208 131 "F" 4 0 0 0 0.56 8.74726341575336 4.65834555050541 0 4.08891786524795
379 268 40 "M" 4 0 0 0 0.6 -8.72297146833812 -0.147091452451993 0 -8.57588001588612
380 268 51 "M" 4 0 0 0 0.536667 -8.08705416328216 3.25513365818206 0 -11.3421878214642
