1 9
1 13
1 20
1 23
1 29
1 48
1 49
1 55
1 61
1 62
1 75
1 110
1 112
1 116
1 118
1 158
1 163
1 167
1 175
1 178
1 187
1 197
1 198
1 207
1 223
1 229
1 231
1 235
1 243
1 254
1 263
1 269
1 271
1 276
1 284
2 13
2 20
2 25
2 39
2 47
2 70
2 74
2 90
2 101
2 104
2 105
2 112
2 124
2 145
2 163
2 174
2 188
2 196
2 204
2 224
2 237
2 248
2 296
3 10
3 16
3 20
3 26
3 41
3 66
3 74
3 89
3 93
3 103
3 109
3 118
3 127
3 129
3 135
3 146
3 153
3 159
3 166
3 175
3 187
3 196
3 198
3 199
3 202
3 214
3 228
3 231
3 235
3 264
3 269
3 271
3 275
3 279
3 281
3 283
3 286
3 288
4 16
4 21
4 25
4 31
4 34
4 37
4 39
4 52
4 54
4 60
4 62
4 63
4 65
4 70
4 75
4 76
4 84
4 89
4 90
4 91
4 101
4 106
4 111
4 112
4 113
4 116
4 122
4 125
4 129
4 132
4 133
4 135
4 138
4 141
4 150
4 163
4 165
4 166
4 167
4 177
4 183
4 186
4 191
4 200
4 207
4 208
4 211
4 213
4 223
4 225
4 229
4 230
4 232
4 238
4 239
4 243
4 248
4 257
4 258
4 262
4 266
4 267
4 269
4 271
4 276
4 277
4 281
4 282
4 283
4 284
4 294
4 295
4 297
5 15
5 16
5 20
5 28
5 50
5 112
5 125
5 136
5 140
5 142
5 144
5 156
5 159
5 173
5 185
5 186
5 188
5 192
5 212
5 223
5 227
5 240
5 254
5 255
5 259
5 269
5 271
5 276
5 283
5 284
5 286
6 16
6 20
6 26
6 29
6 31
6 43
6 46
6 48
6 51
6 54
6 67
6 98
6 102
6 120
6 138
6 142
6 148
6 158
6 167
6 168
6 188
6 189
6 192
6 205
6 216
6 218
6 227
6 239
6 241
6 261
6 269
6 272
6 275
6 282
6 292
6 295
7 26
7 30
7 44
7 50
7 51
7 54
7 59
7 80
7 90
7 91
7 106
7 127
7 132
7 133
7 138
7 151
7 159
7 160
7 163
7 170
7 191
7 198
7 204
7 205
7 208
7 219
7 240
7 255
7 260
7 273
7 276
7 285
7 287
8 16
8 22
8 23
8 41
8 46
8 53
8 82
8 95
8 98
8 99
8 101
8 122
8 135
8 151
8 172
8 173
8 201
8 202
8 208
8 217
8 222
8 223
8 231
8 260
8 262
8 264
8 281
8 282
9 10
9 11
9 13
9 16
9 19
9 20
9 21
9 25
9 29
9 32
9 34
9 37
9 46
9 48
9 49
9 59
9 60
9 62
9 64
9 65
9 73
9 74
9 75
9 79
9 85
9 94
9 95
9 96
9 102
9 103
9 105
9 107
9 109
9 118
9 124
9 125
9 129
9 135
9 137
9 139
9 141
9 149
9 152
9 157
9 161
9 163
9 166
9 167
9 175
9 176
9 177
9 178
9 179
9 181
9 182
9 184
9 186
9 187
9 188
9 193
9 194
9 198
9 199
9 201
9 202
9 204
9 205
9 208
9 210
9 213
9 220
9 223
9 229
9 230
9 231
9 232
9 235
9 239
9 240
9 242
9 245
9 246
9 247
9 248
9 249
9 250
9 255
9 259
9 260
9 262
9 263
9 271
9 276
9 279
9 281
9 284
9 285
9 288
9 290
9 292
9 294
9 296
9 297
10 16
10 21
10 30
10 33
10 34
10 57
10 76
10 88
10 94
10 96
10 104
10 113
10 120
10 122
10 124
10 133
10 150
10 166
10 175
10 179
10 180
10 197
10 198
10 201
10 207
10 216
10 218
10 229
10 250
10 266
10 271
10 276
10 287
10 296
11 16
11 19
11 20
11 25
11 31
11 32
11 37
11 49
11 52
11 57
11 62
11 63
11 64
11 65
11 72
11 74
11 79
11 89
11 91
11 95
11 96
11 106
11 107
11 109
11 112
11 120
11 133
11 134
11 135
11 139
11 145
11 162
11 166
11 167
11 175
11 187
11 192
11 208
11 217
11 221
11 223
11 240
11 245
11 247
11 248
11 250
11 252
11 253
11 260
11 261
11 271
11 276
11 282
11 284
11 290
11 295
11 297
11 299
12 30
12 32
12 33
12 34
12 36
12 41
12 54
12 68
12 71
12 83
12 86
12 90
12 93
12 96
12 101
12 122
12 128
12 149
12 166
12 183
12 184
12 199
12 200
12 204
12 240
12 248
12 256
12 258
12 268
12 269
12 270
12 273
12 277
12 279
12 295
12 296
12 297
13 16
13 18
13 21
13 39
13 43
13 48
13 49
13 58
13 59
13 96
13 98
13 108
13 110
13 125
13 133
13 136
13 142
13 178
13 184
13 194
13 207
13 208
13 209
13 211
13 217
13 218
13 220
13 221
13 238
13 239
13 240
13 241
13 265
13 266
13 269
13 271
13 277
13 285
13 296
14 17
14 34
14 35
14 40
14 50
14 90
14 96
14 116
14 118
14 133
14 139
14 161
14 190
14 195
14 210
14 223
14 226
14 229
14 235
14 236
14 242
14 243
14 247
14 254
14 264
14 265
14 273
14 295
15 20
15 39
15 55
15 57
15 60
15 66
15 71
15 76
15 81
15 100
15 147
15 152
15 154
15 188
15 195
15 202
15 215
15 216
15 224
15 238
15 254
15 274
15 275
15 283
15 288
15 299
16 19
16 20
16 21
16 25
16 28
16 31
16 32
16 37
16 48
16 49
16 54
16 57
16 59
16 60
16 62
16 63
16 65
16 68
16 74
16 75
16 76
16 79
16 82
16 90
16 91
16 93
16 94
16 96
16 97
16 103
16 104
16 107
16 109
16 119
16 125
16 134
16 135
16 139
16 142
16 143
16 144
16 147
16 149
16 153
16 154
16 157
16 164
16 165
16 167
16 169
16 171
16 175
16 176
16 177
16 182
16 183
16 184
16 185
16 186
16 187
16 188
16 189
16 190
16 193
16 196
16 199
16 202
16 203
16 204
16 208
16 216
16 220
16 222
16 223
16 228
16 230
16 232
16 235
16 238
16 240
16 245
16 246
16 247
16 248
16 250
16 252
16 253
16 255
16 257
16 259
16 260
16 261
16 263
16 264
16 266
16 271
16 275
16 276
16 284
16 285
16 288
16 297
17 18
17 20
17 51
17 54
17 58
17 70
17 72
17 77
17 85
17 107
17 109
17 117
17 122
17 131
17 134
17 136
17 137
17 148
17 153
17 154
17 162
17 172
17 177
17 186
17 188
17 190
17 198
17 208
17 211
17 226
17 227
17 241
17 244
17 245
17 254
17 258
17 267
17 271
17 286
17 293
17 299
18 21
18 25
18 35
18 37
18 38
18 41
18 47
18 48
18 61
18 65
18 68
18 93
18 106
18 109
18 120
18 127
18 150
18 164
18 167
18 172
18 175
18 177
18 194
18 214
18 219
18 223
18 225
18 241
18 246
18 259
18 271
18 276
18 293
18 294
19 21
19 25
19 27
19 28
19 31
19 32
19 34
19 37
19 39
19 43
19 45
19 48
19 51
19 55
19 57
19 58
19 59
19 60
19 61
19 62
19 64
19 65
19 66
19 68
19 70
19 74
19 76
19 79
19 86
19 91
19 93
19 94
19 101
19 105
19 106
19 107
19 109
19 111
19 124
19 125
19 126
19 130
19 135
19 138
19 141
19 145
19 148
19 149
19 152
19 154
19 166
19 167
19 168
19 170
19 171
19 172
19 175
19 176
19 177
19 183
19 186
19 187
19 188
19 189
19 193
19 194
19 199
19 200
19 202
19 204
19 205
19 208
19 210
19 212
19 213
19 215
19 221
19 223
19 224
19 227
19 230
19 240
19 242
19 243
19 245
19 246
19 247
19 248
19 250
19 255
19 258
19 264
19 271
19 273
19 274
19 276
19 279
19 280
19 282
19 284
19 288
19 290
19 294
19 295
19 297
20 21
20 25
20 26
20 31
20 37
20 44
20 45
20 48
20 52
20 59
20 60
20 64
20 75
20 77
20 81
20 88
20 90
20 91
20 93
20 94
20 95
20 96
20 101
20 107
20 112
20 126
20 140
20 144
20 157
20 175
20 176
20 177
20 180
20 184
20 185
20 187
20 193
20 196
20 197
20 199
20 202
20 204
20 208
20 229
20 240
20 245
20 246
20 247
20 248
20 257
20 261
20 262
20 266
20 271
20 276
20 281
20 284
20 285
20 290
20 296
20 300
21 25
21 31
21 32
21 37
21 39
21 40
21 48
21 49
21 52
21 53
21 56
21 57
21 59
21 62
21 65
21 67
21 71
21 72
21 74
21 76
21 89
21 91
21 93
21 94
21 95
21 96
21 97
21 101
21 103
21 106
21 107
21 109
21 117
21 124
21 125
21 133
21 135
21 136
21 142
21 145
21 149
21 150
21 152
21 162
21 163
21 166
21 167
21 170
21 174
21 175
21 177
21 178
21 182
21 184
21 185
21 186
21 187
21 189
21 193
21 196
21 201
21 204
21 205
21 208
21 211
21 213
21 220
21 221
21 223
21 229
21 230
21 231
21 232
21 233
21 235
21 238
21 240
21 243
21 245
21 246
21 247
21 248
21 252
21 253
21 255
21 259
21 260
21 271
21 272
21 276
21 281
21 282
21 284
21 285
21 288
21 290
21 292
21 294
21 295
21 297
21 300
22 25
22 35
22 43
22 44
22 47
22 48
22 55
22 59
22 64
22 65
22 70
22 84
22 86
22 89
22 123
22 124
22 132
22 135
22 138
22 139
22 149
22 163
22 166
22 167
22 174
22 175
22 184
22 187
22 189
22 194
22 205
22 208
22 213
22 230
22 240
22 247
22 261
22 271
22 278
22 294
23 29
23 33
23 50
23 54
23 63
23 68
23 89
23 95
23 98
23 99
23 106
23 112
23 113
23 124
23 130
23 143
23 145
23 150
23 152
23 173
23 177
23 185
23 214
23 256
23 269
23 272
23 276
24 26
24 34
24 65
24 82
24 86
24 92
24 103
24 109
24 111
24 126
24 127
24 148
24 149
24 152
24 182
24 189
24 208
24 222
24 241
24 243
24 260
24 271
24 272
24 276
24 282
24 296
24 298
25 31
25 32
25 37
25 48
25 49
25 56
25 59
25 60
25 62
25 64
25 65
25 73
25 75
25 79
25 95
25 97
25 106
25 107
25 109
25 125
25 126
25 130
25 133
25 135
25 141
25 143
25 144
25 145
25 149
25 152
25 154
25 157
25 163
25 166
25 167
25 169
25 171
25 173
25 175
25 177
25 179
25 181
25 183
25 184
25 185
25 186
25 187
25 188
25 189
25 193
25 195
25 196
25 199
25 202
25 204
25 205
25 208
25 210
25 212
25 213
25 215
25 220
25 223
25 226
25 230
25 240
25 241
25 243
25 245
25 246
25 247
25 248
25 250
25 252
25 253
25 256
25 258
25 260
25 262
25 271
25 276
25 277
25 278
25 282
25 284
25 288
25 290
25 294
25 295
25 297
26 58
26 65
26 66
26 73
26 74
26 87
26 93
26 97
26 103
26 110
26 112
26 114
26 137
26 143
26 148
26 151
26 182
26 200
26 215
26 220
26 241
26 250
26 267
26 270
26 278
26 288
26 294
27 55
27 57
27 59
27 66
27 67
27 72
27 108
27 109
27 118
27 122
27 129
27 144
27 147
27 148
27 163
27 164
27 171
27 179
27 182
27 217
27 223
27 226
27 232
27 239
27 254
27 255
27 256
27 263
27 264
27 275
27 291
27 292
28 30
28 46
28 61
28 83
28 84
28 105
28 106
28 119
28 122
28 136
28 138
28 141
28 143
28 160
28 161
28 172
28 177
28 179
28 215
28 219
28 233
28 238
28 260
28 282
28 300
29 39
29 50
29 64
29 100
29 115
29 116
29 118
29 146
29 148
29 180
29 184
29 188
29 189
29 190
29 193
29 202
29 208
29 227
29 234
29 249
29 253
29 256
29 260
29 263
29 265
29 275
29 289
29 296
30 38
30 40
30 43
30 48
30 52
30 53
30 64
30 70
30 76
30 87
30 93
30 98
30 105
30 117
30 121
30 124
30 125
30 126
30 130
30 140
30 145
30 147
30 149
30 163
30 168
30 169
30 186
30 189
30 196
30 200
30 207
30 209
30 210
30 216
30 232
30 243
30 247
30 251
30 252
30 282
31 33
31 34
31 48
31 55
31 56
31 60
31 61
31 69
31 74
31 75
31 76
31 79
31 81
31 82
31 91
31 94
31 95
31 96
31 109
31 111
31 116
31 124
31 125
31 128
31 129
31 131
31 135
31 141
31 143
31 149
31 155
31 158
31 160
31 161
31 167
31 169
31 175
31 176
31 177
31 183
31 188
31 199
31 202
31 203
31 205
31 208
31 212
31 213
31 214
31 215
31 221
31 222
31 223
31 230
31 243
31 245
31 246
31 247
31 248
31 255
31 258
31 265
31 266
31 267
31 270
31 271
31 272
31 273
31 276
31 277
31 280
31 288
31 290
31 295
31 296
31 297
32 34
32 37
32 39
32 42
32 43
32 45
32 46
32 47
32 48
32 52
32 53
32 55
32 56
32 59
32 60
32 61
32 63
32 64
32 65
32 67
32 69
32 70
32 74
32 76
32 79
32 80
32 81
32 82
32 86
32 91
32 93
32 95
32 98
32 101
32 109
32 122
32 124
32 125
32 131
32 134
32 135
32 137
32 138
32 140
32 141
32 144
32 149
32 150
32 153
32 154
32 157
32 159
32 163
32 166
32 167
32 168
32 169
32 171
32 172
32 175
32 176
32 177
32 178
32 182
32 183
32 186
32 187
32 189
32 191
32 193
32 199
32 204
32 205
32 206
32 208
32 212
32 213
32 215
32 218
32 220
32 221
32 223
32 224
32 230
32 231
32 232
32 234
32 238
32 240
32 242
32 243
32 245
32 247
32 248
32 250
32 253
32 255
32 258
32 263
32 271
32 273
32 276
32 280
32 281
32 282
32 284
32 288
32 290
32 291
32 292
32 295
32 296
32 297
33 34
33 52
33 70
33 80
33 86
33 92
33 93
33 95
33 111
33 112
33 133
33 138
33 146
33 151
33 152
33 155
33 160
33 161
33 167
33 168
33 169
33 172
33 183
33 194
33 206
33 210
33 212
33 223
33 226
33 230
33 236
33 237
33 242
33 246
33 260
33 268
33 273
33 290
33 294
33 295
34 37
34 39
34 43
34 45
34 47
34 49
34 50
34 52
34 55
34 56
34 60
34 62
34 65
34 69
34 70
34 74
34 79
34 85
34 86
34 90
34 91
34 93
34 95
34 99
34 101
34 103
34 106
34 109
34 111
34 112
34 113
34 120
34 124
34 125
34 127
34 128
34 133
34 135
34 138
34 139
34 145
34 149
34 150
34 152
34 156
34 158
34 159
34 164
34 167
34 168
34 172
34 175
34 177
34 179
34 182
34 183
34 184
34 186
34 187
34 188
34 189
34 191
34 193
34 199
34 203
34 205
34 206
34 209
34 212
34 213
34 215
34 221
34 223
34 230
34 235
34 238
34 243
34 246
34 247
34 248
34 255
34 256
34 258
34 261
34 265
34 268
34 271
34 273
34 276
34 278
34 280
34 282
34 283
34 284
34 290
34 295
34 297
34 299
35 37
35 44
35 46
35 47
35 61
35 69
35 72
35 83
35 124
35 125
35 131
35 134
35 135
35 136
35 146
35 155
35 193
35 194
35 232
35 236
35 246
35 249
35 268
35 271
35 284
35 285
35 288
35 293
36 42
36 47
36 53
36 55
36 56
36 59
36 70
36 86
36 87
36 89
36 93
36 95
36 96
36 101
36 111
36 114
36 122
36 131
36 135
36 137
36 147
36 154
36 166
36 167
36 174
36 185
36 194
36 195
36 200
36 204
36 205
36 206
36 220
36 223
36 226
36 231
36 234
36 236
36 243
36 255
36 258
36 265
36 268
36 271
36 273
36 284
36 295
36 297
37 39
37 41
37 43
37 47
37 48
37 49
37 52
37 54
37 55
37 57
37 60
37 61
37 62
37 63
37 64
37 65
37 70
37 74
37 75
37 76
37 79
37 80
37 81
37 83
37 86
37 89
37 90
37 91
37 93
37 94
37 95
37 98
37 101
37 104
37 109
37 111
37 112
37 120
37 122
37 124
37 125
37 126
37 128
37 130
37 133
37 135
37 136
37 138
37 141
37 145
37 148
37 149
37 150
37 154
37 157
37 163
37 164
37 166
37 167
37 171
37 172
37 175
37 177
37 180
37 181
37 182
37 183
37 186
37 187
37 188
37 189
37 191
37 193
37 195
37 196
37 198
37 199
37 201
37 202
37 204
37 205
37 206
37 208
37 212
37 213
37 215
37 217
37 218
37 223
37 224
37 230
37 232
37 236
37 238
37 240
37 242
37 243
37 245
37 246
37 247
37 248
37 249
37 250
37 252
37 254
37 255
37 256
37 258
37 260
37 262
37 265
37 267
37 268
37 271
37 273
37 276
37 279
37 282
37 283
37 284
37 288
37 290
37 294
37 295
37 297
37 298
38 39
38 43
38 58
38 75
38 83
38 88
38 101
38 110
38 117
38 119
38 139
38 149
38 156
38 159
38 190
38 194
38 197
38 203
38 235
38 237
38 248
38 254
38 263
38 271
38 272
38 277
38 289
38 296
39 62
39 63
39 70
39 71
39 76
39 81
39 82
39 91
39 100
39 108
39 110
39 114
39 116
39 117
39 125
39 126
39 138
39 143
39 148
39 151
39 154
39 158
39 162
39 166
39 167
39 171
39 172
39 177
39 183
39 186
39 189
39 191
39 193
39 194
39 196
39 204
39 207
39 217
39 223
39 230
39 239
39 242
39 244
39 249
39 255
39 267
39 268
39 271
39 273
39 275
39 276
39 290
39 292
39 295
39 300
40 43
40 54
40 63
40 66
40 74
40 103
40 121
40 132
40 133
40 140
40 147
40 175
40 201
40 202
40 206
40 207
40 209
40 234
40 237
40 238
40 252
40 256
40 261
40 271
40 276
40 283
40 286
40 289
40 290
40 298
41 43
41 49
41 54
41 62
41 66
41 67
41 74
41 76
41 82
41 98
41 113
41 154
41 165
41 167
41 168
41 183
41 186
41 188
41 197
41 202
41 209
41 213
41 223
41 239
41 241
41 245
41 246
41 258
41 263
41 279
41 284
41 287
41 290
42 78
42 85
42 90
42 93
42 98
42 101
42 109
42 110
42 122
42 126
42 130
42 133
42 143
42 152
42 169
42 171
42 172
42 174
42 183
42 186
42 193
42 200
42 206
42 208
42 215
42 223
42 242
42 255
42 266
42 273
42 276
42 280
42 284
42 286
42 290
42 293
42 295
43 45
43 47
43 55
43 56
43 59
43 65
43 66
43 70
43 74
43 83
43 86
43 91
43 95
43 99
43 101
43 107
43 109
43 121
43 122
43 126
43 135
43 138
43 141
43 142
43 143
43 149
43 150
43 151
43 152
43 159
43 162
43 167
43 168
43 171
43 172
43 175
43 176
43 183
43 184
43 204
43 213
43 218
43 222
43 224
43 225
43 227
43 240
43 248
43 255
43 258
43 263
43 269
43 271
43 273
43 275
43 276
43 280
43 283
43 284
43 285
43 290
43 294
43 295
44 56
44 89
44 107
44 112
44 124
44 127
44 161
44 169
44 177
44 188
44 189
44 202
44 239
44 250
44 269
44 276
44 277
44 284
44 293
44 295
44 296
45 53
45 67
45 91
45 95
45 101
45 116
45 133
45 141
45 146
45 150
45 151
45 156
45 162
45 167
45 183
45 185
45 201
45 203
45 204
45 209
45 222
45 226
45 255
45 268
45 273
45 282
45 284
45 289
45 290
45 295
45 300
46 54
46 55
46 59
46 69
46 70
46 72
46 77
46 81
46 88
46 92
46 102
46 124
46 134
46 135
46 136
46 137
46 143
46 145
46 150
46 153
46 155
46 161
46 162
46 167
46 170
46 175
46 177
46 186
46 190
46 192
46 197
46 199
46 205
46 215
46 216
46 220
46 239
46 246
46 247
46 248
46 259
46 264
46 271
46 273
46 276
46 278
46 284
46 290
47 55
47 70
47 94
47 101
47 111
47 114
47 121
47 125
47 135
47 137
47 156
47 158
47 163
47 166
47 167
47 175
47 185
47 204
47 209
47 213
47 215
47 218
47 219
47 233
47 242
47 248
47 249
47 255
47 273
47 276
47 282
47 284
47 285
47 287
47 299
48 54
48 59
48 61
48 64
48 65
48 70
48 75
48 79
48 81
48 90
48 91
48 95
48 109
48 117
48 125
48 135
48 150
48 152
48 153
48 154
48 158
48 167
48 175
48 177
48 183
48 185
48 186
48 187
48 188
48 194
48 196
48 198
48 204
48 207
48 208
48 209
48 223
48 227
48 231
48 240
48 243
48 244
48 245
48 248
48 254
48 262
48 264
48 269
48 271
48 276
48 280
48 283
48 284
48 290
48 291
48 297
49 50
49 62
49 64
49 67
49 70
49 75
49 91
49 96
49 97
49 105
49 109
49 119
49 125
49 135
49 136
49 150
49 157
49 166
49 167
49 175
49 177
49 179
49 184
49 185
49 193
49 208
49 223
49 240
49 246
49 247
49 248
49 249
49 250
49 255
49 268
49 271
49 272
49 273
49 276
49 283
49 284
49 286
49 297
50 57
50 61
50 64
50 65
50 70
50 76
50 86
50 95
50 103
50 123
50 128
50 134
50 156
50 161
50 170
50 171
50 173
50 174
50 178
50 181
50 187
50 189
50 190
50 202
50 203
50 224
50 235
50 250
50 253
50 256
50 267
50 270
50 276
50 283
50 291
51 69
51 71
51 97
51 108
51 120
51 121
51 127
51 133
51 136
51 153
51 155
51 156
51 163
51 172
51 175
51 182
51 194
51 198
51 216
51 218
51 241
51 249
51 268
51 269
51 275
51 284
51 292
52 59
52 65
52 67
52 69
52 70
52 71
52 79
52 80
52 82
52 86
52 89
52 98
52 101
52 106
52 109
52 112
52 120
52 121
52 127
52 130
52 133
52 135
52 137
52 145
52 149
52 150
52 152
52 155
52 157
52 167
52 172
52 175
52 177
52 178
52 179
52 181
52 183
52 186
52 197
52 212
52 215
52 223
52 236
52 248
52 251
52 255
52 257
52 271
52 276
52 284
52 295
53 59
53 86
53 94
53 101
53 113
53 116
53 122
53 125
53 128
53 144
53 148
53 174
53 194
53 198
53 200
53 213
53 230
53 233
53 240
53 246
53 258
53 272
54 58
54 63
54 65
54 66
54 80
54 84
54 86
54 92
54 96
54 102
54 113
54 118
54 119
54 120
54 121
54 128
54 133
54 135
54 152
54 167
54 177
54 180
54 183
54 200
54 203
54 204
54 206
54 215
54 223
54 228
54 229
54 236
54 238
54 254
54 256
54 258
54 265
54 271
54 273
54 276
54 282
54 284
54 285
54 289
54 290
54 291
54 294
54 295
55 60
55 61
55 62
55 65
55 66
55 73
55 74
55 79
55 81
55 84
55 90
55 91
55 92
55 93
55 94
55 101
55 105
55 106
55 109
55 110
55 111
55 112
55 120
55 124
55 128
55 129
55 130
55 133
55 135
55 143
55 145
55 150
55 158
55 161
55 166
55 167
55 168
55 169
55 171
55 172
55 175
55 177
55 183
55 187
55 189
55 194
55 200
55 204
55 205
55 211
55 212
55 213
55 215
55 220
55 223
55 229
55 236
55 237
55 238
55 241
55 243
55 246
55 247
55 248
55 253
55 256
55 258
55 259
55 260
55 261
55 271
55 272
55 273
55 274
55 276
55 284
55 286
55 289
55 290
55 292
55 295
55 297
55 299
56 67
56 79
56 88
56 101
56 109
56 111
56 130
56 133
56 143
56 150
56 152
56 158
56 166
56 167
56 171
56 175
56 177
56 190
56 204
56 208
56 212
56 223
56 230
56 240
56 243
56 246
56 247
56 248
56 250
56 251
56 253
56 266
56 267
56 271
56 273
56 274
56 276
56 282
56 284
56 290
56 294
56 295
56 297
56 298
56 300
57 61
57 63
57 67
57 68
57 72
57 81
57 84
57 98
57 106
57 109
57 116
57 125
57 126
57 137
57 142
57 164
57 165
57 171
57 172
57 175
57 177
57 183
57 186
57 188
57 189
57 193
57 213
57 221
57 230
57 244
57 250
57 265
57 271
57 276
57 287
57 288
57 293
57 297
57 299
58 63
58 68
58 86
58 95
58 96
58 107
58 109
58 146
58 154
58 159
58 190
58 191
58 193
58 199
58 207
58 214
58 218
58 220
58 221
58 246
58 278
58 297
59 60
59 62
59 65
59 70
59 71
59 72
59 74
59 79
59 80
59 82
59 84
59 90
59 91
59 94
59 103
59 109
59 120
59 122
59 125
59 126
59 130
59 131
59 135
59 136
59 139
59 141
59 151
59 157
59 166
59 167
59 174
59 175
59 177
59 178
59 183
59 187
59 189
59 191
59 193
59 199
59 204
59 208
59 220
59 221
59 223
59 225
59 231
59 238
59 241
59 242
59 245
59 247
59 248
59 249
59 250
59 255
59 259
59 262
59 263
59 265
59 268
59 271
59 276
59 284
59 287
59 288
59 290
59 299
60 63
60 64
60 65
60 74
60 89
60 93
60 96
60 109
60 115
60 124
60 129
60 135
60 136
60 145
60 150
60 167
60 175
60 177
60 188
60 193
60 198
60 204
60 205
60 208
60 209
60 212
60 213
60 223
60 231
60 236
60 237
60 242
60 245
60 246
60 247
60 248
60 252
60 254
60 255
60 260
60 271
60 274
60 275
60 276
60 278
60 281
60 284
60 289
60 290
60 297
61 86
61 93
61 94
61 95
61 103
61 105
61 111
61 129
61 135
61 141
61 142
61 167
61 175
61 186
61 187
61 193
61 195
61 204
61 205
61 212
61 223
61 230
61 237
61 243
61 244
61 247
61 248
61 252
61 255
61 258
61 260
61 267
61 271
61 273
61 276
61 278
61 284
61 287
61 290
61 293
61 295
61 299
62 65
62 70
62 76
62 83
62 85
62 86
62 89
62 93
62 101
62 103
62 104
62 108
62 109
62 111
62 119
62 125
62 130
62 135
62 140
62 150
62 154
62 162
62 164
62 167
62 175
62 177
62 183
62 187
62 191
62 193
62 198
62 204
62 205
62 206
62 208
62 212
62 221
62 223
62 230
62 231
62 243
62 245
62 246
62 247
62 248
62 250
62 254
62 255
62 258
62 260
62 261
62 271
62 275
62 276
62 284
62 286
62 288
62 289
62 290
62 295
62 297
63 65
63 67
63 69
63 84
63 90
63 114
63 116
63 119
63 125
63 126
63 133
63 135
63 147
63 151
63 154
63 167
63 177
63 185
63 203
63 204
63 206
63 207
63 217
63 222
63 223
63 226
63 230
63 235
63 238
63 239
63 246
63 248
63 249
63 250
63 257
63 263
63 271
63 276
63 278
63 284
64 65
64 67
64 74
64 75
64 79
64 81
64 94
64 95
64 96
64 97
64 103
64 109
64 111
64 120
64 124
64 135
64 141
64 150
64 151
64 152
64 154
64 157
64 167
64 175
64 177
64 179
64 182
64 184
64 187
64 192
64 193
64 195
64 196
64 198
64 199
64 202
64 204
64 205
64 208
64 209
64 212
64 213
64 223
64 231
64 232
64 235
64 240
64 245
64 246
64 247
64 249
64 250
64 252
64 253
64 255
64 258
64 260
64 271
64 272
64 274
64 276
64 281
64 284
64 285
64 286
64 290
64 294
64 297
65 72
65 74
65 75
65 76
65 79
65 80
65 83
65 84
65 86
65 87
65 91
65 93
65 94
65 95
65 96
65 99
65 101
65 102
65 103
65 109
65 110
65 111
65 112
65 113
65 120
65 122
65 124
65 125
65 130
65 133
65 134
65 135
65 138
65 141
65 145
65 146
65 148
65 149
65 150
65 154
65 157
65 161
65 166
65 167
65 169
65 171
65 172
65 175
65 177
65 181
65 182
65 183
65 186
65 187
65 188
65 189
65 190
65 191
65 193
65 199
65 201
65 204
65 205
65 206
65 207
65 208
65 213
65 215
65 222
65 223
65 230
65 235
65 240
65 242
65 243
65 245
65 246
65 247
65 248
65 249
65 250
65 255
65 258
65 260
65 271
65 275
65 276
65 278
65 282
65 284
65 285
65 290
65 294
65 295
65 296
65 297
66 70
66 81
66 86
66 92
66 96
66 104
66 133
66 146
66 157
66 167
66 168
66 170
66 185
66 194
66 197
66 205
66 208
66 210
66 214
66 216
66 219
66 223
66 267
66 270
66 285
66 288
66 295
66 299
67 69
67 71
67 76
67 83
67 94
67 105
67 114
67 136
67 144
67 153
67 157
67 158
67 177
67 192
67 204
67 225
67 237
67 242
67 246
67 255
67 257
67 273
67 278
67 293
67 295
68 76
68 103
68 115
68 119
68 124
68 126
68 143
68 167
68 174
68 177
68 194
68 223
68 235
68 245
68 249
68 252
68 254
68 255
68 268
68 271
68 273
68 276
68 285
68 290
68 292
69 83
69 84
69 91
69 105
69 156
69 158
69 161
69 162
69 172
69 173
69 181
69 213
69 218
69 223
69 258
69 268
69 273
69 276
69 290
69 295
69 296
70 71
70 76
70 85
70 86
70 90
70 92
70 101
70 122
70 124
70 133
70 135
70 137
70 143
70 150
70 152
70 157
70 167
70 168
70 174
70 175
70 177
70 179
70 183
70 185
70 186
70 193
70 203
70 204
70 206
70 215
70 217
70 224
70 227
70 233
70 238
70 240
70 243
70 246
70 248
70 251
70 253
70 255
70 260
70 273
70 276
70 282
70 283
70 284
70 285
70 286
70 290
70 291
70 294
70 295
70 299
71 73
71 81
71 97
71 98
71 102
71 139
71 149
71 150
71 157
71 168
71 175
71 201
71 218
71 224
71 239
71 244
71 257
71 262
71 268
71 283
71 290
71 298
72 77
72 78
72 79
72 89
72 94
72 101
72 107
72 116
72 124
72 126
72 130
72 138
72 147
72 156
72 161
72 199
72 213
72 243
72 248
72 271
72 282
72 287
72 288
72 296
72 298
73 95
73 102
73 112
73 115
73 141
73 148
73 160
73 165
73 179
73 190
73 193
73 200
73 202
73 214
73 237
73 239
73 252
73 255
73 278
73 284
73 287
73 297
74 79
74 81
74 87
74 91
74 95
74 96
74 102
74 109
74 125
74 132
74 138
74 141
74 143
74 149
74 152
74 153
74 154
74 166
74 167
74 171
74 172
74 175
74 176
74 177
74 178
74 179
74 182
74 183
74 186
74 187
74 188
74 199
74 201
74 202
74 204
74 207
74 208
74 209
74 213
74 220
74 221
74 223
74 224
74 225
74 229
74 230
74 240
74 243
74 245
74 247
74 248
74 249
74 253
74 255
74 256
74 258
74 268
74 271
74 276
74 281
74 282
74 284
74 286
74 288
74 290
74 292
74 294
74 295
74 297
74 299
75 79
75 82
75 84
75 89
75 91
75 95
75 96
75 107
75 109
75 112
75 117
75 125
75 134
75 138
75 141
75 149
75 157
75 158
75 162
75 167
75 175
75 176
75 178
75 179
75 182
75 183
75 184
75 186
75 188
75 193
75 199
75 202
75 204
75 208
75 209
75 212
75 220
75 221
75 223
75 230
75 231
75 235
75 240
75 245
75 247
75 248
75 250
75 251
75 254
75 255
75 257
75 259
75 262
75 271
75 273
75 276
75 284
75 290
76 88
76 90
76 94
76 102
76 105
76 109
76 112
76 124
76 125
76 133
76 135
76 143
76 152
76 156
76 162
76 167
76 169
76 175
76 177
76 180
76 183
76 186
76 187
76 188
76 189
76 196
76 204
76 221
76 223
76 229
76 234
76 243
76 248
76 254
76 265
76 271
76 276
76 284
76 290
76 292
76 294
76 297
77 79
77 89
77 107
77 109
77 130
77 131
77 133
77 141
77 143
77 147
77 153
77 168
77 171
77 175
77 178
77 184
77 186
77 198
77 200
77 216
77 220
77 221
77 224
77 234
77 247
77 253
77 255
77 278
77 284
77 289
77 290
77 298
77 299
78 115
78 121
78 127
78 128
78 150
78 161
78 168
78 200
78 202
78 211
78 220
78 225
78 249
78 269
78 275
78 300
79 82
79 87
79 91
79 93
79 96
79 102
79 104
79 109
79 117
79 125
79 130
79 138
79 141
79 149
79 151
79 152
79 154
79 166
79 167
79 169
79 171
79 172
79 175
79 176
79 177
79 182
79 183
79 184
79 186
79 188
79 189
79 191
79 193
79 199
79 202
79 204
79 205
79 206
79 208
79 210
79 212
79 213
79 221
79 222
79 223
79 230
79 231
79 240
79 242
79 243
79 246
79 247
79 248
79 253
79 255
79 258
79 261
79 271
79 276
79 282
79 284
79 290
79 294
79 295
79 297
80 93
80 94
80 96
80 104
80 109
80 118
80 122
80 133
80 134
80 167
80 172
80 175
80 179
80 185
80 190
80 206
80 209
80 214
80 223
80 224
80 240
80 243
80 254
80 262
80 271
80 276
80 281
80 284
80 291
80 295
81 87
81 94
81 99
81 113
81 117
81 127
81 132
81 134
81 137
81 141
81 143
81 146
81 167
81 171
81 186
81 196
81 202
81 210
81 213
81 245
81 247
81 249
81 253
81 259
81 266
81 268
81 269
81 271
81 273
81 276
81 280
81 291
82 84
82 107
82 119
82 120
82 148
82 175
82 177
82 185
82 186
82 189
82 208
82 211
82 213
82 227
82 230
82 238
82 242
82 264
82 271
82 282
83 93
83 103
83 112
83 119
83 126
83 130
83 146
83 164
83 182
83 217
83 235
83 241
83 253
83 265
83 281
83 282
83 289
83 290
83 294
84 118
84 123
84 133
84 141
84 156
84 158
84 182
84 192
84 202
84 207
84 221
84 222
84 225
84 245
84 246
84 261
84 277
84 283
84 285
84 290
84 296
85 101
85 109
85 111
85 112
85 126
85 137
85 144
85 186
85 189
85 200
85 217
85 219
85 224
85 230
85 259
85 261
85 286
85 294
86 87
86 91
86 101
86 115
86 122
86 124
86 128
86 135
86 139
86 158
86 164
86 167
86 168
86 175
86 180
86 192
86 212
86 219
86 222
86 223
86 234
86 247
86 248
86 268
86 270
86 272
86 273
86 276
86 282
86 283
86 284
86 290
86 295
87 100
87 103
87 109
87 134
87 135
87 153
87 164
87 188
87 189
87 201
87 204
87 216
87 218
87 222
87 232
87 239
87 266
87 277
87 279
88 91
88 96
88 99
88 119
88 129
88 132
88 139
88 150
88 158
88 159
88 177
88 185
88 226
88 246
88 251
88 267
88 271
88 296
89 93
89 94
89 99
89 111
89 147
89 167
89 204
89 208
89 217
89 223
89 226
89 231
89 237
89 243
89 244
89 248
89 265
89 271
89 276
89 281
89 283
89 284
89 290
90 93
90 95
90 97
90 101
90 109
90 111
90 115
90 118
90 122
90 128
90 133
90 140
90 150
90 158
90 167
90 172
90 176
90 183
90 194
90 209
90 215
90 218
90 223
90 229
90 231
90 239
90 243
90 254
90 273
90 284
90 285
90 290
90 295
90 296
91 94
91 95
91 102
91 105
91 106
91 109
91 123
91 125
91 126
91 133
91 134
91 135
91 138
91 141
91 149
91 152
91 166
91 167
91 172
91 175
91 176
91 177
91 179
91 183
91 184
91 195
91 197
91 199
91 202
91 204
91 208
91 209
91 210
91 212
91 215
91 220
91 221
91 223
91 224
91 225
91 234
91 239
91 243
91 247
91 248
91 252
91 253
91 255
91 258
91 271
91 273
91 276
91 279
91 280
91 282
91 284
91 286
91 287
91 288
91 290
91 292
91 295
91 297
92 109
92 124
92 131
92 154
92 161
92 178
92 179
92 197
92 210
92 212
92 223
92 229
92 234
92 238
92 239
92 240
92 242
92 250
92 257
92 262
92 264
92 268
92 274
92 280
92 294
92 298
93 94
93 101
93 109
93 111
93 119
93 121
93 125
93 126
93 133
93 135
93 147
93 162
93 167
93 177
93 178
93 188
93 191
93 193
93 197
93 204
93 205
93 206
93 208
93 213
93 222
93 223
93 232
93 234
93 237
93 243
93 244
93 248
93 258
93 271
93 273
93 276
93 280
93 291
93 294
93 295
93 297
94 107
94 109
94 113
94 117
94 119
94 131
94 137
94 147
94 152
94 155
94 160
94 165
94 167
94 178
94 186
94 196
94 199
94 200
94 202
94 204
94 206
94 208
94 209
94 213
94 221
94 223
94 224
94 240
94 243
94 244
94 248
94 252
94 265
94 271
94 276
94 281
94 284
94 297
94 299
95 97
95 109
95 124
95 129
95 135
95 149
95 153
95 166
95 167
95 172
95 175
95 176
95 177
95 179
95 181
95 183
95 187
95 202
95 204
95 208
95 214
95 215
95 223
95 240
95 246
95 247
95 252
95 255
95 259
95 271
95 274
95 275
95 276
95 284
95 287
95 290
95 295
95 296
96 103
96 104
96 107
96 109
96 117
96 125
96 127
96 135
96 141
96 154
96 157
96 158
96 159
96 162
96 165
96 177
96 178
96 184
96 185
96 186
96 194
96 196
96 199
96 202
96 203
96 208
96 211
96 220
96 226
96 231
96 232
96 235
96 239
96 240
96 244
96 245
96 246
96 247
96 249
96 250
96 255
96 257
96 259
96 260
96 262
96 267
96 271
96 276
96 285
96 296
97 98
97 106
97 110
97 123
97 139
97 141
97 173
97 179
97 213
97 216
97 220
97 222
97 231
97 248
97 271
97 273
97 278
97 290
97 292
97 299
98 110
98 115
98 118
98 120
98 121
98 123
98 128
98 131
98 133
98 141
98 150
98 153
98 155
98 157
98 159
98 176
98 177
98 179
98 194
98 197
98 204
98 224
98 225
98 254
98 259
98 262
98 269
98 271
98 276
98 284
98 288
98 290
99 101
99 105
99 127
99 132
99 135
99 150
99 152
99 162
99 169
99 172
99 208
99 214
99 221
99 226
99 251
99 253
99 254
99 260
99 271
99 275
99 286
99 292
99 297
100 128
100 134
100 142
100 190
100 201
100 204
100 211
100 215
100 218
100 223
100 230
100 244
100 247
100 251
100 278
100 279
100 280
100 288
101 107
101 112
101 116
101 119
101 126
101 128
101 131
101 133
101 135
101 137
101 138
101 153
101 165
101 167
101 171
101 172
101 174
101 177
101 183
101 206
101 212
101 215
101 222
101 223
101 229
101 233
101 238
101 239
101 242
101 243
101 248
101 255
101 258
101 268
101 269
101 271
101 273
101 276
101 281
101 283
101 284
101 290
101 291
101 295
102 114
102 122
102 126
102 128
102 137
102 153
102 154
102 163
102 167
102 171
102 175
102 187
102 198
102 209
102 234
102 238
102 276
102 282
102 284
102 295
102 299
103 110
103 111
103 117
103 118
103 127
103 135
103 160
103 167
103 172
103 175
103 177
103 184
103 186
103 190
103 208
103 213
103 224
103 227
103 234
103 240
103 246
103 247
103 248
103 258
103 268
103 271
103 275
103 276
103 284
103 285
103 296
103 297
103 299
104 121
104 126
104 135
104 137
104 167
104 174
104 175
104 177
104 187
104 188
104 191
104 193
104 208
104 221
104 232
104 240
104 243
104 246
104 247
104 259
104 271
104 273
104 284
104 289
104 297
104 298
105 112
105 116
105 121
105 140
105 148
105 149
105 152
105 157
105 161
105 163
105 167
105 180
105 183
105 192
105 200
105 203
105 205
105 216
105 220
105 248
105 258
105 282
105 287
106 107
106 120
106 121
106 126
106 127
106 135
106 161
106 167
106 170
106 175
106 179
106 183
106 187
106 191
106 193
106 203
106 208
106 209
106 225
106 230
106 240
106 244
106 245
106 246
106 247
106 249
106 268
106 270
106 271
106 278
106 281
106 289
106 293
106 296
107 111
107 116
107 118
107 128
107 132
107 134
107 135
107 140
107 147
107 149
107 153
107 157
107 166
107 167
107 168
107 170
107 172
107 175
107 177
107 182
107 184
107 185
107 188
107 189
107 193
107 195
107 208
107 211
107 220
107 222
107 230
107 235
107 239
107 240
107 246
107 247
107 249
107 250
107 270
107 271
107 272
107 274
107 281
107 284
107 285
107 292
107 297
108 131
108 134
108 157
108 163
108 192
108 199
108 202
108 232
108 238
108 239
108 244
108 266
108 279
108 280
108 295
109 111
109 112
109 119
109 120
109 124
109 125
109 126
109 128
109 130
109 133
109 135
109 138
109 141
109 145
109 147
109 149
109 152
109 156
109 157
109 158
109 166
109 167
109 168
109 169
109 171
109 172
109 175
109 177
109 179
109 182
109 183
109 184
109 185
109 186
109 187
109 188
109 189
109 192
109 193
109 195
109 196
109 198
109 199
109 202
109 204
109 205
109 208
109 210
109 212
109 213
109 215
109 216
109 220
109 221
109 223
109 224
109 230
109 234
109 238
109 240
109 243
109 244
109 246
109 247
109 248
109 249
109 250
109 252
109 253
109 255
109 256
109 258
109 260
109 261
109 263
109 264
109 271
109 272
109 276
109 280
109 282
109 284
109 285
109 288
109 290
109 291
109 292
109 294
109 295
109 297
109 299
110 124
110 133
110 141
110 167
110 172
110 176
110 179
110 200
110 201
110 213
110 224
110 230
110 251
110 273
110 284
110 286
110 296
111 112
111 113
111 120
111 124
111 125
111 128
111 130
111 133
111 135
111 141
111 147
111 152
111 156
111 158
111 163
111 167
111 175
111 177
111 179
111 187
111 189
111 193
111 196
111 198
111 199
111 203
111 204
111 205
111 206
111 208
111 212
111 216
111 220
111 221
111 223
111 226
111 231
111 232
111 239
111 240
111 243
111 247
111 248
111 254
111 258
111 260
111 266
111 271
111 272
111 273
111 276
111 282
111 284
111 288
111 290
111 294
111 295
111 297
111 299
112 116
112 124
112 131
112 133
112 135
112 143
112 144
112 152
112 153
112 154
112 157
112 163
112 167
112 171
112 177
112 183
112 197
112 199
112 204
112 206
112 223
112 228
112 233
112 238
112 239
112 243
112 251
112 254
112 259
112 271
112 272
112 273
112 276
112 283
112 287
112 290
112 294
112 295
112 296
113 125
113 127
113 167
113 179
113 180
113 190
113 197
113 199
113 203
113 217
113 221
113 230
113 236
113 256
113 265
113 268
113 275
113 276
113 288
114 126
114 136
114 144
114 150
114 153
114 155
114 156
114 157
114 162
114 167
114 173
114 191
114 193
114 205
114 207
114 208
114 214
114 215
114 230
114 252
114 278
114 279
114 282
114 283
114 290
114 296
115 116
115 124
115 140
115 146
115 147
115 209
115 222
115 229
115 232
115 236
115 247
115 252
115 269
115 274
115 282
115 283
115 294
116 127
116 142
116 148
116 149
116 175
116 178
116 183
116 184
116 190
116 192
116 198
116 219
116 223
116 228
116 240
116 242
116 248
116 259
116 280
116 290
116 296
117 120
117 146
117 152
117 155
117 156
117 158
117 166
117 175
117 179
117 182
117 183
117 192
117 202
117 203
117 204
117 208
117 210
117 212
117 214
117 220
117 221
117 224
117 228
117 233
117 239
117 240
117 245
117 246
117 251
117 256
117 259
117 263
117 276
117 288
117 296
118 132
118 133
118 134
118 150
118 154
118 158
118 163
118 167
118 190
118 194
118 212
118 214
118 224
118 225
118 232
118 234
118 235
118 239
118 246
118 257
118 268
118 285
118 286
118 292
118 296
118 299
119 122
119 127
119 135
119 136
119 141
119 146
119 149
119 153
119 167
119 168
119 169
119 174
119 177
119 180
119 197
119 198
119 206
119 208
119 223
119 248
119 250
119 254
119 256
119 271
119 273
119 278
119 279
119 284
119 295
119 299
120 121
120 141
120 143
120 144
120 167
120 169
120 174
120 177
120 182
120 188
120 189
120 209
120 212
120 215
120 219
120 223
120 229
120 243
120 249
120 252
120 258
120 271
120 276
120 295
121 127
121 128
121 136
121 152
121 156
121 175
121 176
121 189
121 201
121 204
121 213
121 232
121 243
121 244
121 251
121 256
121 266
121 285
122 127
122 128
122 133
122 135
122 140
122 152
122 155
122 158
122 161
122 166
122 167
122 175
122 180
122 183
122 199
122 204
122 214
122 218
122 223
122 227
122 239
122 248
122 249
122 254
122 258
122 262
122 271
122 273
122 276
122 284
122 285
122 290
122 295
123 157
123 162
123 173
123 188
123 205
123 220
123 225
123 229
123 242
123 243
123 250
123 271
123 276
123 286
123 289
124 126
124 135
124 141
124 142
124 143
124 149
124 150
124 152
124 154
124 155
124 158
124 165
124 167
124 170
124 173
124 175
124 177
124 180
124 183
124 186
124 187
124 202
124 204
124 205
124 208
124 209
124 212
124 223
124 224
124 236
124 243
124 247
124 248
124 255
124 258
124 263
124 267
124 271
124 273
124 276
124 284
124 286
124 290
124 294
124 295
124 297
125 133
125 135
125 137
125 138
125 139
125 147
125 149
125 151
125 164
125 166
125 167
125 171
125 172
125 175
125 177
125 179
125 182
125 183
125 186
125 187
125 188
125 189
125 197
125 198
125 205
125 208
125 212
125 213
125 218
125 223
125 230
125 239
125 240
125 242
125 243
125 246
125 247
125 248
125 249
125 250
125 252
125 254
125 255
125 258
125 260
125 261
125 267
125 271
125 273
125 274
125 275
125 276
125 277
125 284
125 292
125 294
125 295
125 297
126 133
126 134
126 135
126 139
126 147
126 150
126 161
126 162
126 163
126 166
126 167
126 171
126 172
126 175
126 177
126 183
126 186
126 187
126 192
126 193
126 197
126 198
126 206
126 212
126 213
126 220
126 223
126 230
126 234
126 238
126 241
126 243
126 248
126 252
126 255
126 258
126 263
126 267
126 273
126 276
126 278
126 280
126 281
126 290
126 294
126 295
126 296
126 297
127 146
127 170
127 178
127 182
127 188
127 204
127 221
127 228
127 240
127 244
127 245
127 248
127 256
127 257
127 279
127 284
128 130
128 139
128 143
128 152
128 156
128 158
128 163
128 167
128 174
128 187
128 200
128 209
128 223
128 234
128 247
128 252
128 255
128 273
128 290
128 291
128 294
128 295
129 135
129 159
129 167
129 175
129 176
129 200
129 201
129 208
129 213
129 214
129 243
129 248
129 258
129 260
129 272
129 273
129 276
129 277
129 285
129 291
130 136
130 137
130 145
130 163
130 167
130 171
130 172
130 175
130 177
130 186
130 196
130 204
130 222
130 223
130 224
130 230
130 243
130 246
130 247
130 249
130 253
130 259
130 269
130 270
130 271
130 274
130 276
130 284
130 290
131 139
131 148
131 153
131 161
131 164
131 174
131 177
131 191
131 192
131 194
131 203
131 205
131 208
131 245
131 250
131 260
131 275
131 278
131 280
131 290
131 294
131 297
132 134
132 149
132 171
132 180
132 181
132 182
132 183
132 185
132 222
132 238
132 243
132 257
132 271
132 272
132 274
132 290
132 292
133 137
133 145
133 149
133 151
133 152
133 158
133 159
133 167
133 172
133 178
133 183
133 186
133 194
133 210
133 218
133 223
133 230
133 234
133 237
133 238
133 241
133 243
133 248
133 254
133 258
133 265
133 271
133 276
133 279
133 283
133 284
133 290
133 294
133 295
133 296
133 297
133 299
134 135
134 137
134 140
134 145
134 171
134 203
134 216
134 222
134 247
134 256
134 284
134 298
135 141
135 149
135 150
135 152
135 156
135 159
135 161
135 163
135 164
135 166
135 167
135 168
135 171
135 175
135 177
135 182
135 183
135 186
135 187
135 188
135 193
135 195
135 196
135 204
135 205
135 206
135 208
135 213
135 221
135 223
135 228
135 230
135 231
135 234
135 243
135 245
135 246
135 247
135 248
135 249
135 250
135 252
135 258
135 259
135 260
135 262
135 268
135 271
135 273
135 276
135 281
135 284
135 289
135 290
135 291
135 294
135 295
135 297
135 299
136 144
136 156
136 176
136 177
136 184
136 187
136 188
136 196
136 204
136 207
136 208
136 212
136 224
136 230
136 246
136 254
136 265
136 268
136 271
136 274
136 284
136 285
136 293
137 158
137 161
137 167
137 176
137 178
137 187
137 189
137 190
137 212
137 215
137 222
137 226
137 233
137 242
137 257
137 262
137 273
137 277
137 278
137 282
137 292
138 141
138 143
138 149
138 150
138 152
138 156
138 167
138 171
138 172
138 175
138 176
138 177
138 182
138 183
138 186
138 187
138 191
138 202
138 204
138 209
138 215
138 223
138 224
138 231
138 240
138 242
138 245
138 255
138 258
138 270
138 271
138 273
138 274
138 276
138 281
138 282
138 284
138 290
138 295
139 147
139 151
139 157
139 167
139 175
139 177
139 183
139 189
139 209
139 218
139 231
139 232
139 244
139 252
139 254
139 255
139 271
139 287
139 297
140 168
140 184
140 188
140 208
140 209
140 225
140 227
140 243
140 257
140 266
140 280
140 289
140 299
141 143
141 149
141 150
141 157
141 161
141 164
141 166
141 167
141 171
141 175
141 177
141 182
141 183
141 185
141 207
141 208
141 213
141 220
141 226
141 240
141 242
141 244
141 248
141 255
141 256
141 257
141 271
141 275
141 276
141 277
141 278
141 281
141 282
141 284
141 285
141 292
141 297
142 153
142 155
142 156
142 166
142 189
142 196
142 199
142 208
142 216
142 246
142 255
142 256
142 261
142 274
142 277
143 149
143 150
143 154
143 159
143 172
143 183
143 195
143 197
143 214
143 225
143 241
143 245
143 249
143 255
143 256
143 286
143 287
143 294
143 295
143 296
144 151
144 167
144 173
144 174
144 181
144 202
144 222
144 237
144 249
144 256
144 276
144 297
145 149
145 150
145 157
145 158
145 167
145 174
145 175
145 177
145 184
145 185
145 186
145 189
145 196
145 198
145 199
145 208
145 215
145 220
145 223
145 231
145 234
145 240
145 243
145 247
145 254
145 257
145 271
145 277
145 279
145 280
145 284
145 286
145 290
145 293
145 294
145 295
145 297
146 148
146 161
146 164
146 167
146 168
146 182
146 200
146 209
146 216
146 224
146 234
146 247
146 265
146 267
146 268
146 297
147 166
147 171
147 177
147 186
147 188
147 198
147 199
147 204
147 205
147 213
147 220
147 221
147 225
147 228
147 234
147 255
147 257
147 260
147 271
147 276
147 280
147 284
147 299
148 151
148 165
148 169
148 176
148 178
148 179
148 181
148 198
148 202
148 203
148 207
148 214
148 227
148 251
148 272
148 274
148 297
149 152
149 153
149 154
149 157
149 159
149 165
149 168
149 171
149 175
149 176
149 177
149 183
149 186
149 189
149 193
149 199
149 202
149 204
149 208
149 214
149 215
149 221
149 230
149 235
149 236
149 241
149 248
149 249
149 250
149 255
149 258
149 260
149 262
149 271
149 272
149 276
149 284
149 290
149 295
149 297
149 300
150 151
150 156
150 161
150 167
150 168
150 169
150 175
150 177
150 180
150 183
150 186
150 187
150 188
150 192
150 204
150 218
150 219
150 223
150 230
150 233
150 238
150 239
150 242
150 247
150 253
150 254
150 255
150 258
150 260
150 271
150 273
150 276
150 279
150 285
150 290
150 293
150 294
150 298
150 300
151 166
151 194
151 209
151 216
151 228
151 231
151 248
151 249
151 261
151 279
151 286
152 154
152 158
152 166
152 167
152 171
152 172
152 175
152 176
152 177
152 178
152 179
152 186
152 202
152 205
152 209
152 212
152 213
152 215
152 219
152 221
152 223
152 224
152 238
152 246
152 247
152 248
152 253
152 255
152 258
152 260
152 261
152 265
152 266
152 267
152 273
152 282
152 284
152 290
152 295
152 296
152 297
152 298
153 175
153 186
153 187
153 201
153 207
153 210
153 215
153 220
153 228
153 235
153 236
153 239
153 265
153 270
153 271
153 279
153 284
154 157
154 158
154 159
154 166
154 167
154 171
154 175
154 179
154 182
154 188
154 191
154 192
154 193
154 205
154 208
154 212
154 213
154 218
154 221
154 222
154 223
154 227
154 231
154 243
154 246
154 247
154 260
154 262
154 267
154 276
154 281
154 284
154 285
154 286
154 290
154 292
154 295
154 296
154 297
155 157
155 167
155 175
155 176
155 177
155 198
155 202
155 204
155 208
155 220
155 247
155 252
155 260
155 286
155 293
155 297
155 299
156 157
156 167
156 175
156 178
156 201
156 210
156 213
156 223
156 234
156 239
156 245
156 247
156 257
156 271
156 274
156 277
156 281
156 284
156 293
156 299
157 160
157 175
157 177
157 181
157 185
157 186
157 195
157 201
157 202
157 204
157 208
157 221
157 224
157 231
157 232
157 240
157 242
157 245
157 247
157 249
157 250
157 253
157 254
157 262
157 264
157 271
157 276
157 279
157 282
157 284
157 285
157 288
157 292
157 299
158 169
158 186
158 192
158 199
158 218
158 221
158 223
158 225
158 235
158 237
158 243
158 244
158 247
158 248
158 262
158 263
158 267
158 275
158 278
158 281
158 282
159 167
159 171
159 182
159 184
159 198
159 212
159 215
159 219
159 223
159 241
159 255
159 257
159 262
159 263
159 272
159 293
159 298
160 163
160 167
160 168
160 177
160 188
160 218
160 224
160 261
160 264
160 271
160 273
160 277
161 172
161 186
161 190
161 202
161 212
161 214
161 216
161 219
161 224
161 225
161 227
161 253
161 269
161 284
161 292
161 293
162 169
162 171
162 184
162 185
162 200
162 203
162 205
162 208
162 223
162 225
162 232
162 241
162 247
162 266
162 268
162 288
162 296
162 299
163 164
163 167
163 170
163 177
163 195
163 196
163 198
163 207
163 210
163 223
163 236
163 252
163 254
163 271
163 279
163 281
163 290
163 295
164 175
164 185
164 189
164 197
164 208
164 234
164 248
164 271
164 274
164 284
164 297
164 298
165 183
165 189
165 192
165 195
165 199
165 204
165 217
165 239
165 244
165 252
165 272
165 290
166 175
166 176
166 177
166 183
166 186
166 187
166 188
166 193
166 198
166 199
166 202
166 204
166 208
166 212
166 215
166 220
166 221
166 223
166 232
166 243
166 245
166 246
166 247
166 248
166 249
166 250
166 252
166 255
166 259
166 261
166 262
166 263
166 264
166 271
166 276
166 284
166 285
166 288
166 290
166 292
166 295
167 171
167 172
167 175
167 176
167 177
167 182
167 183
167 185
167 186
167 187
167 191
167 193
167 196
167 199
167 201
167 202
167 204
167 205
167 206
167 207
167 208
167 209
167 212
167 218
167 221
167 223
167 224
167 230
167 231
167 234
167 238
167 242
167 243
167 245
167 246
167 247
167 248
167 249
167 250
167 255
167 257
167 258
167 259
167 260
167 262
167 268
167 271
167 272
167 273
167 276
167 277
167 280
167 281
167 282
167 283
167 284
167 288
167 290
167 291
167 294
167 295
167 297
167 299
168 169
168 175
168 176
168 177
168 193
168 198
168 204
168 207
168 214
168 215
168 228
168 230
168 238
168 239
168 241
168 242
168 243
168 247
168 248
168 260
168 271
168 273
168 275
168 276
168 280
168 284
168 290
168 292
168 295
168 299
169 175
169 177
169 181
169 186
169 187
169 188
169 191
169 193
169 208
169 232
169 243
169 252
169 265
169 271
169 274
169 284
169 292
169 299
170 175
170 177
170 191
170 203
170 208
170 225
170 226
170 227
170 232
170 246
170 250
170 252
170 259
170 271
170 276
170 282
170 293
171 172
171 174
171 175
171 177
171 183
171 187
171 188
171 189
171 194
171 199
171 202
171 204
171 208
171 214
171 215
171 223
171 230
171 237
171 240
171 243
171 248
171 249
171 250
171 255
171 258
171 266
171 271
171 272
171 276
171 277
171 282
171 284
171 287
171 290
171 293
171 295
171 296
171 297
172 173
172 176
172 177
172 178
172 183
172 187
172 188
172 191
172 193
172 204
172 215
172 221
172 223
172 224
172 230
172 234
172 242
172 243
172 244
172 246
172 255
172 258
172 261
172 263
172 273
172 275
172 276
172 277
172 284
172 295
172 296
172 297
173 175
173 188
173 189
173 192
173 204
173 205
173 217
173 235
173 238
173 267
173 274
173 283
173 286
173 298
174 181
174 184
174 192
174 203
174 219
174 224
174 236
174 246
174 251
174 263
174 265
174 276
174 277
174 283
174 285
174 296
175 176
175 177
175 178
175 179
175 182
175 183
175 184
175 186
175 187
175 189
175 190
175 191
175 193
175 194
175 195
175 196
175 199
175 201
175 202
175 204
175 205
175 206
175 207
175 208
175 210
175 212
175 213
175 215
175 220
175 223
175 224
175 225
175 229
175 230
175 231
175 232
175 235
175 237
175 238
175 240
175 243
175 244
175 245
175 246
175 247
175 248
175 249
175 250
175 253
175 255
175 256
175 257
175 258
175 260
175 262
175 263
175 267
175 271
175 273
175 276
175 281
175 282
175 283
175 284
175 285
175 288
175 290
175 292
175 294
175 295
175 296
175 297
175 299
176 179
176 183
176 188
176 189
176 191
176 199
176 208
176 209
176 216
176 220
176 221
176 222
176 223
176 229
176 230
176 236
176 245
176 247
176 249
176 250
176 253
176 255
176 258
176 259
176 269
176 276
176 284
176 290
176 291
176 295
177 179
177 181
177 182
177 184
177 186
177 187
177 188
177 189
177 191
177 193
177 196
177 199
177 204
177 205
177 208
177 209
177 210
177 212
177 213
177 220
177 223
177 230
177 231
177 232
177 238
177 242
177 243
177 245
177 246
177 247
177 248
177 249
177 250
177 252
177 254
177 255
177 257
177 258
177 260
177 267
177 268
177 271
177 276
177 277
177 281
177 284
177 285
177 290
177 294
177 295
177 297
178 185
178 188
178 196
178 200
178 202
178 208
178 216
178 220
178 221
178 223
178 228
178 235
178 240
178 247
178 253
178 266
178 272
178 281
178 284
178 285
178 292
178 297
179 183
179 184
179 186
179 190
179 193
179 194
179 199
179 202
179 207
179 208
179 217
179 221
179 235
179 240
179 246
179 255
179 256
179 257
179 261
179 262
179 271
179 276
179 278
179 292
179 295
180 198
180 199
180 203
180 223
180 226
180 245
180 258
180 298
181 195
181 198
181 203
181 212
181 219
181 224
181 237
181 276
182 185
182 186
182 187
182 202
182 204
182 208
182 209
182 215
182 220
182 223
182 234
182 240
182 245
182 246
182 247
182 248
182 249
182 255
182 258
182 260
182 271
182 276
182 284
182 288
182 290
183 187
183 188
183 204
183 205
183 209
183 212
183 213
183 215
183 218
183 221
183 223
183 230
183 234
183 242
183 243
183 248
183 249
183 253
183 254
183 255
183 256
183 258
183 262
183 267
183 268
183 271
183 273
183 276
183 277
183 284
183 286
183 287
183 290
183 293
183 294
183 295
183 296
183 297
184 185
184 187
184 196
184 198
184 202
184 208
184 220
184 231
184 232
184 235
184 239
184 240
184 242
184 246
184 247
184 249
184 250
184 251
184 252
184 257
184 265
184 271
184 276
184 282
184 285
184 288
184 295
184 296
184 299
185 189
185 202
185 207
185 215
185 231
185 232
185 235
185 246
185 247
185 250
185 253
185 257
185 263
185 271
185 281
185 284
185 292
185 300
186 188
186 189
186 197
186 204
186 208
186 212
186 218
186 223
186 228
186 230
186 236
186 240
186 243
186 245
186 248
186 250
186 258
186 260
186 267
186 270
186 271
186 276
186 295
186 297
187 188
187 193
187 196
187 204
187 205
187 208
187 218
187 223
187 226
187 243
187 245
187 246
187 247
187 248
187 262
187 263
187 271
187 276
187 277
187 281
187 284
187 285
187 288
187 290
187 294
187 295
187 297
188 189
188 193
188 198
188 200
188 206
188 208
188 210
188 212
188 223
188 230
188 231
188 232
188 243
188 247
188 250
188 255
188 258
188 260
188 267
188 271
188 272
188 276
188 282
188 283
188 284
188 294
188 295
188 297
189 193
189 196
189 198
189 199
189 202
189 205
189 208
189 210
189 211
189 217
189 223
189 230
189 237
189 238
189 246
189 247
189 248
189 250
189 252
189 258
189 260
189 261
189 271
189 274
189 276
189 284
189 295
189 297
189 300
190 196
190 204
190 212
190 221
190 244
190 253
190 258
190 285
190 288
190 300
191 201
191 211
191 230
191 245
191 255
191 265
191 271
191 276
191 284
191 286
191 292
191 293
191 295
191 297
192 193
192 197
192 204
192 230
192 236
192 247
192 252
192 257
192 272
192 274
192 286
192 296
193 204
193 205
193 208
193 212
193 220
193 221
193 223
193 231
193 243
193 245
193 246
193 247
193 248
193 250
193 253
193 258
193 261
193 265
193 271
193 276
193 284
193 285
193 290
193 291
193 294
193 297
193 299
194 199
194 200
194 208
194 225
194 242
194 248
194 271
194 272
194 273
194 298
195 200
195 231
195 239
195 243
195 245
195 246
195 247
195 249
195 254
195 256
195 276
195 281
195 284
195 292
195 299
196 199
196 200
196 226
196 228
196 231
196 234
196 240
196 244
196 247
196 261
196 270
196 271
196 274
196 276
196 277
196 299
197 206
197 214
197 223
197 226
197 234
197 236
197 250
197 257
197 264
197 283
197 290
198 208
198 212
198 232
198 238
198 241
198 248
198 249
198 257
198 264
198 271
198 283
198 295
199 202
199 208
199 215
199 217
199 221
199 223
199 230
199 231
199 235
199 236
199 240
199 242
199 244
199 245
199 246
199 247
199 248
199 254
199 255
199 266
199 270
199 271
199 272
199 276
199 281
199 284
199 292
199 297
200 201
200 225
200 258
200 264
200 265
200 266
200 267
200 273
200 275
200 276
200 286
200 296
201 208
201 216
201 220
201 223
201 235
201 250
201 271
201 295
202 208
202 220
202 221
202 227
202 234
202 240
202 247
202 249
202 251
202 253
202 255
202 259
202 273
202 276
202 284
202 285
202 288
202 289
202 292
202 297
203 210
203 231
203 239
203 255
203 257
203 264
203 269
203 281
203 284
203 288
203 289
203 300
204 205
204 211
204 212
204 213
204 223
204 230
204 242
204 245
204 246
204 247
204 248
204 249
204 250
204 251
204 255
204 267
204 271
204 276
204 280
204 281
204 284
204 290
204 294
204 295
204 297
205 206
205 208
205 219
205 221
205 223
205 231
205 233
205 234
205 244
205 245
205 247
205 248
205 262
205 264
205 265
205 267
205 271
205 273
205 276
205 278
205 284
205 288
205 289
205 290
205 295
205 297
205 299
206 207
206 212
206 223
206 228
206 242
206 246
206 248
206 261
206 264
206 271
206 272
206 273
206 275
206 276
206 284
206 295
206 297
206 298
207 216
207 241
207 254
207 255
207 260
207 265
207 270
207 271
207 290
208 212
208 213
208 220
208 223
208 225
208 230
208 231
208 232
208 235
208 236
208 240
208 243
208 245
208 246
208 247
208 248
208 249
208 250
208 253
208 257
208 259
208 260
208 271
208 272
208 276
208 281
208 282
208 283
208 284
208 285
208 288
208 292
208 296
208 297
208 299
209 219
209 226
209 235
209 238
209 246
209 252
209 255
209 258
209 265
209 268
209 276
209 277
209 295
209 299
210 230
210 233
210 255
210 257
210 258
210 270
210 271
210 272
210 275
210 276
210 279
210 281
210 284
210 287
210 297
211 217
211 220
211 223
211 235
211 236
211 256
211 277
211 290
211 291
212 215
212 223
212 230
212 234
212 243
212 246
212 247
212 248
212 249
212 252
212 254
212 258
212 260
212 268
212 271
212 273
212 276
212 278
212 282
212 284
212 290
212 295
212 297
212 298
213 232
213 247
213 255
213 271
213 276
213 282
213 284
213 290
213 291
213 300
214 227
214 251
214 255
214 287
215 223
215 224
215 230
215 232
215 240
215 246
215 247
215 248
215 253
215 255
215 258
215 263
215 271
215 273
215 276
215 278
215 280
215 281
215 282
215 289
215 290
215 292
215 295
215 297
216 224
216 228
216 230
216 244
216 249
216 264
216 273
216 279
216 296
216 299
217 219
217 250
217 267
217 280
217 297
218 219
218 223
218 236
218 238
218 240
218 243
218 249
218 253
218 261
218 273
218 281
218 282
218 290
218 292
218 299
219 242
219 244
219 249
219 263
219 264
219 273
219 293
220 230
220 235
220 239
220 240
220 246
220 247
220 249
220 253
220 255
220 258
220 264
220 271
220 274
220 276
220 278
220 280
220 284
220 285
220 288
220 291
220 292
221 230
221 233
221 240
221 246
221 247
221 248
221 250
221 253
221 255
221 265
221 271
221 276
221 284
221 285
221 288
221 289
221 292
221 295
221 297
221 299
222 226
222 230
222 231
222 238
222 260
222 263
222 267
222 275
222 281
222 282
223 224
223 226
223 228
223 230
223 234
223 236
223 237
223 238
223 243
223 246
223 247
223 248
223 249
223 250
223 254
223 255
223 258
223 260
223 262
223 263
223 265
223 267
223 268
223 271
223 272
223 273
223 276
223 277
223 279
223 280
223 282
223 284
223 286
223 290
223 294
223 295
223 296
223 297
224 233
224 243
224 248
224 254
224 259
224 264
224 271
224 273
224 276
224 283
224 284
224 294
225 228
225 240
225 255
225 259
225 270
225 294
225 299
226 239
226 241
226 244
226 250
226 263
226 271
226 293
226 297
227 234
227 238
227 250
227 258
227 268
227 275
227 277
227 282
227 288
228 251
228 271
228 273
228 279
228 297
229 239
229 248
229 249
229 259
229 266
229 271
229 276
229 284
229 292
230 238
230 247
230 248
230 255
230 257
230 258
230 268
230 269
230 271
230 276
230 279
230 280
230 284
230 295
230 297
230 299
231 240
231 242
231 245
231 246
231 247
231 249
231 250
231 251
231 262
231 267
231 271
231 275
231 276
231 281
231 284
231 285
231 286
231 288
231 297
231 299
232 235
232 239
232 240
232 244
232 246
232 247
232 249
232 255
232 257
232 266
232 267
232 268
232 271
232 279
232 284
232 285
232 288
232 292
232 296
233 242
233 246
233 251
233 275
233 294
233 296
234 241
234 248
234 252
234 258
234 263
234 266
234 273
234 276
234 286
234 289
234 294
234 295
235 245
235 271
235 277
235 281
235 284
235 285
235 292
235 293
235 296
235 298
236 264
236 274
236 282
236 283
236 299
237 246
237 258
237 261
237 263
237 276
237 286
237 296
237 297
238 241
238 266
238 270
238 271
238 273
238 276
238 290
238 295
239 240
239 255
239 256
239 263
239 288
239 290
239 295
239 296
239 298
240 245
240 246
240 247
240 250
240 252
240 253
240 259
240 262
240 271
240 274
240 276
240 285
240 289
240 293
240 294
240 295
240 296
240 297
241 252
241 255
241 272
241 282
242 243
242 255
242 262
242 264
242 267
242 271
242 276
242 279
242 290
242 294
242 295
243 247
243 248
243 250
243 252
243 255
243 256
243 258
243 264
243 266
243 267
243 271
243 273
243 276
243 277
243 278
243 279
243 290
243 292
243 295
243 297
243 298
244 246
244 251
244 256
244 257
244 260
244 271
244 275
244 281
244 284
244 285
244 296
245 246
245 248
245 249
245 258
245 263
245 268
245 271
245 273
245 276
245 281
245 284
245 285
245 288
245 289
245 290
245 292
245 294
245 297
246 247
246 248
246 253
246 254
246 259
246 260
246 261
246 263
246 271
246 276
246 278
246 280
246 281
246 284
246 285
246 286
246 288
246 289
246 292
246 294
246 296
246 299
247 248
247 249
247 250
247 251
247 252
247 253
247 255
247 258
247 260
247 262
247 266
247 267
247 271
247 272
247 273
247 276
247 281
247 282
247 284
247 286
247 288
247 289
247 290
247 294
247 295
247 297
247 299
248 249
248 250
248 252
248 255
248 258
248 259
248 260
248 263
248 268
248 271
248 273
248 274
248 276
248 280
248 282
248 283
248 284
248 288
248 289
248 290
248 294
248 295
248 297
249 253
249 255
249 259
249 271
249 276
249 281
249 284
249 285
249 290
250 255
250 257
250 263
250 271
250 272
250 275
250 276
250 281
250 284
250 288
250 290
250 292
250 295
250 297
251 256
251 258
251 262
251 286
251 288
251 296
252 271
252 283
252 290
253 255
253 260
253 267
253 269
253 270
253 272
253 276
253 282
253 284
253 288
253 289
253 295
253 300
254 258
254 263
254 264
254 278
254 297
255 258
255 263
255 265
255 268
255 269
255 271
255 272
255 273
255 276
255 277
255 284
255 286
255 288
255 290
255 295
255 297
256 257
256 264
256 276
256 285
256 287
256 292
256 295
256 299
256 300
257 260
257 276
257 284
257 285
258 268
258 271
258 273
258 276
258 284
258 290
258 291
258 292
258 295
258 297
258 298
259 271
259 279
259 300
260 262
260 271
260 273
260 276
260 281
260 284
260 287
260 288
260 298
261 265
261 274
261 291
261 297
262 266
262 271
262 276
262 281
262 284
262 285
262 297
262 300
263 266
263 267
263 271
263 276
263 287
263 288
264 279
264 300
265 274
265 282
265 288
265 292
265 296
266 268
266 271
266 274
266 284
266 290
266 295
266 300
267 271
267 276
267 277
267 279
267 288
267 290
267 295
268 273
268 276
268 290
268 295
269 279
269 289
270 282
271 272
271 273
271 274
271 276
271 281
271 282
271 283
271 284
271 285
271 287
271 288
271 290
271 292
271 294
271 295
271 297
271 299
272 276
272 283
272 284
272 288
272 289
272 294
273 277
273 280
273 282
273 283
273 284
273 286
273 290
273 293
273 295
273 296
274 275
274 276
274 283
274 288
274 289
274 290
274 294
274 295
274 297
274 299
275 282
275 287
276 280
276 281
276 282
276 284
276 285
276 286
276 287
276 288
276 290
276 292
276 294
276 295
276 297
277 283
277 285
277 295
277 299
278 281
278 299
279 286
279 297
279 298
280 282
280 286
280 293
280 295
280 297
281 289
281 294
282 290
282 294
282 297
283 284
283 297
284 288
284 290
284 291
284 294
284 295
284 299
285 286
285 288
285 296
286 290
286 295
286 296
286 297
287 288
287 293
288 296
288 297
288 298
289 290
290 294
290 295
290 296
290 297
294 295
294 297
295 296
295 297
295 299
296 299
