1 9
1 13
1 20
1 23
1 49
1 55
1 61
1 75
1 118
1 158
1 163
1 178
1 187
1 197
1 207
1 223
1 229
1 231
1 235
1 243
1 254
1 284
2 13
2 25
2 39
2 47
2 70
2 104
2 105
2 124
2 145
2 163
2 174
2 188
2 224
2 248
3 10
3 16
3 20
3 26
3 41
3 74
3 93
3 103
3 118
3 127
3 129
3 135
3 146
3 153
3 159
3 166
3 187
3 196
3 198
3 199
3 214
3 228
3 231
3 264
3 269
3 275
3 279
3 281
3 283
3 286
3 288
4 16
4 21
4 25
4 31
4 37
4 54
4 63
4 75
4 84
4 89
4 101
4 106
4 129
4 132
4 133
4 135
4 141
4 165
4 166
4 167
4 177
4 183
4 186
4 207
4 211
4 213
4 223
4 225
4 230
4 232
4 239
4 243
4 248
4 257
4 262
4 266
4 269
4 271
4 276
4 277
4 281
4 282
4 284
4 295
4 297
5 15
5 20
5 28
5 50
5 136
5 140
5 142
5 144
5 156
5 159
5 173
5 185
5 186
5 192
5 212
5 223
5 227
5 240
5 254
5 255
5 259
5 269
5 271
5 283
5 284
5 286
6 16
6 20
6 29
6 31
6 46
6 48
6 51
6 67
6 102
6 138
6 142
6 148
6 167
6 168
6 188
6 189
6 192
6 205
6 218
6 227
6 241
6 269
6 272
6 275
6 282
6 292
6 295
7 30
7 44
7 50
7 51
7 80
7 90
7 91
7 106
7 127
7 133
7 151
7 159
7 160
7 163
7 170
7 191
7 198
7 205
7 208
7 240
7 260
7 273
7 287
8 16
8 22
8 41
8 46
8 53
8 82
8 95
8 98
8 99
8 122
8 135
8 172
8 173
8 202
8 208
8 217
8 222
8 223
8 231
8 260
8 262
8 264
8 281
9 10
9 13
9 16
9 19
9 20
9 21
9 25
9 29
9 32
9 34
9 37
9 48
9 49
9 59
9 60
9 62
9 64
9 65
9 73
9 74
9 75
9 79
9 85
9 94
9 96
9 102
9 103
9 105
9 107
9 109
9 124
9 125
9 129
9 135
9 137
9 149
9 152
9 157
9 163
9 166
9 167
9 175
9 176
9 177
9 178
9 181
9 182
9 184
9 186
9 187
9 193
9 199
9 204
9 205
9 208
9 210
9 220
9 230
9 231
9 232
9 235
9 240
9 245
9 246
9 247
9 248
9 249
9 250
9 255
9 260
9 263
9 271
9 276
9 279
9 281
9 284
9 285
9 288
9 290
9 292
9 296
9 297
10 30
10 33
10 34
10 57
10 76
10 94
10 104
10 113
10 120
10 124
10 150
10 166
10 179
10 180
10 197
10 198
10 201
10 218
10 229
10 266
10 287
10 296
11 19
11 32
11 37
11 49
11 52
11 63
11 64
11 72
11 91
11 95
11 106
11 109
11 112
11 133
11 134
11 135
11 139
11 145
11 162
11 167
11 175
11 192
11 208
11 221
11 223
11 248
11 252
11 261
11 271
11 276
11 284
11 297
11 299
12 30
12 32
12 41
12 68
12 71
12 83
12 93
12 101
12 128
12 166
12 183
12 199
12 204
12 240
12 248
12 256
12 258
12 270
12 273
12 277
12 279
12 295
12 297
13 18
13 39
13 43
13 48
13 58
13 98
13 108
13 125
13 136
13 142
13 194
13 209
13 217
13 218
13 221
13 238
13 241
13 265
13 269
13 277
13 296
14 17
14 34
14 35
14 40
14 50
14 116
14 161
14 190
14 195
14 210
14 226
14 229
14 236
14 242
14 247
14 254
14 264
14 265
15 20
15 55
15 57
15 60
15 66
15 71
15 76
15 81
15 100
15 154
15 195
15 202
15 215
15 216
15 224
15 238
15 254
15 274
15 275
15 283
15 288
16 19
16 20
16 21
16 25
16 28
16 31
16 32
16 37
16 48
16 49
16 54
16 59
16 60
16 65
16 75
16 79
16 90
16 91
16 96
16 97
16 103
16 104
16 107
16 109
16 125
16 135
16 139
16 142
16 143
16 149
16 157
16 165
16 167
16 169
16 171
16 175
16 176
16 177
16 182
16 183
16 184
16 186
16 188
16 190
16 193
16 199
16 202
16 203
16 208
16 220
16 223
16 228
16 230
16 235
16 240
16 245
16 246
16 247
16 248
16 253
16 255
16 263
16 264
16 266
16 271
16 275
16 276
16 284
16 288
16 297
17 54
17 58
17 70
17 72
17 77
17 85
17 109
17 117
17 122
17 131
17 137
17 148
17 154
17 162
17 172
17 177
17 190
17 211
17 226
17 227
17 241
17 244
17 245
17 267
17 271
17 286
17 293
17 299
18 21
18 37
18 38
18 41
18 47
18 61
18 65
18 68
18 93
18 120
18 127
18 167
18 172
18 175
18 177
18 194
18 219
18 225
18 241
18 246
18 259
18 271
18 276
18 293
18 294
19 21
19 25
19 27
19 28
19 31
19 32
19 34
19 37
19 45
19 55
19 57
19 59
19 60
19 61
19 62
19 64
19 65
19 66
19 70
19 74
19 76
19 79
19 86
19 91
19 101
19 105
19 106
19 109
19 111
19 124
19 125
19 135
19 141
19 148
19 149
19 152
19 154
19 167
19 170
19 171
19 172
19 175
19 176
19 177
19 183
19 186
19 187
19 188
19 189
19 193
19 194
19 199
19 202
19 204
19 205
19 208
19 210
19 212
19 221
19 223
19 227
19 230
19 240
19 245
19 246
19 247
19 248
19 250
19 255
19 258
19 264
19 271
19 273
19 276
19 279
19 282
19 284
19 288
19 290
19 295
19 297
20 26
20 37
20 48
20 59
20 64
20 75
20 77
20 81
20 91
20 95
20 96
20 101
20 112
20 126
20 140
20 144
20 175
20 176
20 177
20 180
20 187
20 196
20 197
20 199
20 208
20 229
20 240
20 248
20 261
20 266
20 271
20 276
20 281
20 284
20 285
20 290
20 300
21 25
21 31
21 32
21 37
21 39
21 40
21 48
21 49
21 53
21 56
21 59
21 62
21 65
21 67
21 71
21 72
21 74
21 76
21 89
21 91
21 93
21 94
21 96
21 97
21 101
21 107
21 109
21 117
21 124
21 125
21 135
21 142
21 145
21 149
21 150
21 152
21 162
21 166
21 167
21 175
21 177
21 178
21 183
21 184
21 186
21 187
21 189
21 193
21 199
21 205
21 208
21 211
21 213
21 220
21 223
21 230
21 231
21 233
21 238
21 243
21 245
21 246
21 247
21 248
21 252
21 255
21 259
21 260
21 271
21 272
21 276
21 281
21 282
21 284
21 285
21 290
21 292
21 294
21 295
21 297
21 300
22 35
22 43
22 47
22 48
22 55
22 59
22 65
22 70
22 84
22 86
22 124
22 132
22 135
22 149
22 167
22 175
22 184
22 187
22 189
22 194
22 213
22 230
22 247
22 261
22 271
22 294
23 29
23 33
23 50
23 54
23 89
23 95
23 98
23 112
23 113
23 124
23 130
23 145
23 150
23 152
23 185
23 256
23 276
24 26
24 65
24 82
24 92
24 103
24 126
24 127
24 148
24 182
24 222
24 260
24 272
24 282
24 298
25 31
25 32
25 37
25 48
25 49
25 59
25 60
25 62
25 64
25 65
25 73
25 75
25 79
25 97
25 109
25 125
25 133
25 135
25 143
25 152
25 154
25 157
25 166
25 167
25 169
25 171
25 175
25 177
25 181
25 183
25 186
25 187
25 188
25 195
25 204
25 208
25 210
25 212
25 215
25 223
25 240
25 241
25 243
25 246
25 247
25 248
25 250
25 252
25 260
25 262
25 271
25 276
25 277
25 278
25 282
25 284
25 288
25 290
25 297
26 58
26 65
26 74
26 87
26 93
26 97
26 137
26 143
26 148
26 151
26 182
26 200
26 215
26 241
26 250
26 267
26 270
26 278
26 288
26 294
27 55
27 57
27 59
27 66
27 67
27 108
27 109
27 129
27 147
27 148
27 171
27 182
27 217
27 226
27 232
27 239
27 254
27 255
27 256
27 263
28 30
28 46
28 83
28 84
28 105
28 106
28 119
28 122
28 141
28 143
28 161
28 172
28 179
28 215
28 219
28 233
28 238
28 260
28 282
29 50
29 64
29 100
29 115
29 116
29 118
29 146
29 148
29 180
29 188
29 189
29 193
29 202
29 208
29 249
29 253
29 256
29 260
29 263
29 275
29 289
29 296
30 38
30 40
30 43
30 52
30 53
30 64
30 70
30 87
30 93
30 98
30 117
30 121
30 124
30 126
30 140
30 145
30 168
30 169
30 186
30 189
30 209
30 210
30 216
30 232
30 243
30 247
30 251
30 252
31 33
31 34
31 37
31 55
31 75
31 76
31 91
31 94
31 96
31 109
31 111
31 116
31 128
31 129
31 131
31 135
31 141
31 143
31 155
31 160
31 161
31 167
31 169
31 175
31 177
31 183
31 188
31 199
31 202
31 203
31 208
31 215
31 221
31 223
31 247
31 255
31 265
31 266
31 270
31 271
31 276
31 277
31 288
31 290
31 295
31 297
32 34
32 37
32 39
32 42
32 43
32 45
32 46
32 48
32 52
32 53
32 55
32 56
32 59
32 60
32 61
32 63
32 64
32 65
32 67
32 69
32 70
32 74
32 76
32 79
32 81
32 86
32 91
32 93
32 95
32 101
32 109
32 111
32 124
32 125
32 131
32 134
32 135
32 138
32 140
32 141
32 144
32 149
32 150
32 154
32 157
32 159
32 166
32 167
32 168
32 169
32 171
32 172
32 175
32 177
32 182
32 183
32 186
32 187
32 188
32 189
32 193
32 199
32 204
32 205
32 206
32 208
32 212
32 213
32 215
32 218
32 221
32 223
32 224
32 230
32 231
32 234
32 240
32 243
32 245
32 247
32 248
32 250
32 253
32 255
32 258
32 263
32 271
32 273
32 276
32 281
32 282
32 284
32 290
32 291
32 292
32 295
32 297
33 80
33 92
33 95
33 111
33 112
33 151
33 155
33 160
33 167
33 168
33 169
33 183
33 194
33 206
33 210
33 212
33 226
33 236
33 242
33 246
33 260
33 273
33 294
34 37
34 39
34 43
34 47
34 49
34 50
34 52
34 55
34 60
34 65
34 69
34 74
34 79
34 85
34 91
34 93
34 99
34 103
34 106
34 109
34 111
34 112
34 120
34 124
34 125
34 128
34 133
34 135
34 138
34 139
34 149
34 150
34 152
34 156
34 164
34 167
34 168
34 172
34 175
34 177
34 179
34 183
34 184
34 193
34 203
34 206
34 212
34 221
34 223
34 230
34 235
34 243
34 246
34 247
34 256
34 258
34 261
34 268
34 271
34 273
34 276
34 278
34 282
34 284
34 290
34 295
34 297
34 299
35 44
35 46
35 61
35 69
35 72
35 124
35 125
35 134
35 136
35 146
35 155
35 193
35 194
35 232
35 236
35 246
35 268
35 284
35 285
35 288
35 293
36 47
36 53
36 55
36 59
36 70
36 87
36 89
36 93
36 95
36 101
36 111
36 114
36 131
36 135
36 137
36 147
36 154
36 174
36 185
36 195
36 206
36 220
36 226
36 231
36 234
36 236
36 243
36 258
36 265
36 271
36 273
36 295
36 297
37 39
37 41
37 43
37 48
37 49
37 52
37 55
37 57
37 60
37 61
37 62
37 64
37 65
37 70
37 74
37 75
37 76
37 79
37 86
37 89
37 91
37 93
37 94
37 98
37 101
37 104
37 109
37 111
37 112
37 120
37 122
37 124
37 125
37 126
37 130
37 133
37 135
37 138
37 139
37 141
37 145
37 148
37 149
37 150
37 154
37 157
37 166
37 167
37 171
37 172
37 175
37 177
37 181
37 182
37 183
37 186
37 187
37 189
37 191
37 195
37 196
37 199
37 201
37 204
37 205
37 206
37 208
37 212
37 217
37 223
37 230
37 231
37 232
37 236
37 238
37 242
37 243
37 245
37 246
37 247
37 248
37 249
37 250
37 254
37 255
37 256
37 258
37 260
37 265
37 268
37 271
37 273
37 276
37 279
37 282
37 283
37 284
37 288
37 290
37 294
37 295
37 297
38 39
38 58
38 75
38 83
38 88
38 110
38 117
38 139
38 149
38 156
38 159
38 190
38 197
38 237
38 254
38 263
38 272
38 277
38 289
39 63
39 71
39 81
39 91
39 108
39 110
39 117
39 138
39 148
39 151
39 154
39 158
39 162
39 167
39 177
39 183
39 189
39 194
39 207
39 217
39 223
39 239
39 249
39 267
39 271
39 275
39 276
39 292
39 295
39 300
40 54
40 63
40 66
40 103
40 121
40 132
40 133
40 201
40 202
40 206
40 207
40 209
40 234
40 237
40 238
40 256
40 261
40 276
40 286
40 289
40 298
41 43
41 49
41 54
41 62
41 74
41 76
41 82
41 113
41 165
41 167
41 183
41 186
41 188
41 197
41 202
41 213
41 239
41 241
41 245
41 246
41 258
41 263
41 279
41 284
41 287
41 290
42 78
42 85
42 90
42 101
42 109
42 169
42 174
42 183
42 186
42 193
42 208
42 215
42 276
42 280
42 284
42 293
42 295
43 45
43 47
43 55
43 59
43 66
43 74
43 83
43 91
43 99
43 101
43 107
43 126
43 138
43 141
43 142
43 149
43 150
43 151
43 159
43 167
43 168
43 171
43 175
43 183
43 204
43 222
43 240
43 248
43 255
43 269
43 271
43 276
43 280
43 284
43 290
43 294
43 295
44 56
44 89
44 124
44 127
44 161
44 169
44 188
44 189
44 202
44 239
44 250
44 277
44 293
44 295
45 53
45 116
45 141
45 146
45 151
45 156
45 185
45 201
45 203
45 209
45 255
45 268
45 289
45 300
46 54
46 55
46 59
46 77
46 88
46 92
46 102
46 134
46 135
46 137
46 145
46 153
46 155
46 161
46 167
46 175
46 177
46 192
46 199
46 205
46 215
46 216
46 220
46 239
46 246
46 259
46 264
46 271
46 273
46 276
46 278
46 284
46 290
47 55
47 70
47 114
47 125
47 135
47 156
47 158
47 163
47 167
47 175
47 185
47 204
47 209
47 213
47 215
47 233
47 242
47 248
47 249
47 282
47 284
47 299
48 54
48 59
48 64
48 65
48 70
48 75
48 90
48 91
48 109
48 125
48 135
48 153
48 167
48 175
48 177
48 186
48 187
48 188
48 194
48 198
48 204
48 207
48 208
48 209
48 223
48 227
48 231
48 240
48 244
48 248
48 254
48 264
48 271
48 276
48 280
48 283
48 284
48 290
49 50
49 62
49 64
49 67
49 70
49 75
49 91
49 97
49 105
49 109
49 125
49 135
49 150
49 166
49 167
49 175
49 177
49 179
49 184
49 185
49 208
49 223
49 240
49 246
49 247
49 250
49 255
49 268
49 271
49 272
49 273
49 276
49 283
49 284
50 57
50 61
50 65
50 70
50 86
50 95
50 103
50 123
50 128
50 134
50 156
50 161
50 170
50 171
50 173
50 174
50 181
50 187
50 189
50 190
50 202
50 224
50 235
50 253
50 256
50 276
50 283
51 69
51 71
51 97
51 108
51 121
51 133
51 136
51 153
51 156
51 163
51 172
51 175
51 182
51 194
51 198
51 216
51 218
51 241
51 268
51 269
51 275
51 284
51 292
52 67
52 69
52 70
52 71
52 80
52 86
52 89
52 98
52 106
52 109
52 120
52 121
52 127
52 135
52 137
52 150
52 152
52 155
52 157
52 167
52 175
52 177
52 178
52 179
52 181
52 212
52 215
52 223
52 236
52 248
52 251
52 257
52 271
52 276
52 295
53 59
53 86
53 94
53 113
53 116
53 122
53 125
53 128
53 144
53 148
53 174
53 194
53 198
53 200
53 230
53 233
53 240
53 246
53 258
54 58
54 66
54 84
54 86
54 113
54 120
54 133
54 152
54 167
54 180
54 200
54 223
54 229
54 236
54 238
54 256
54 282
54 284
54 285
54 289
54 295
55 61
55 62
55 65
55 66
55 73
55 79
55 81
55 84
55 92
55 93
55 101
55 105
55 109
55 110
55 111
55 129
55 133
55 135
55 143
55 161
55 167
55 168
55 169
55 171
55 172
55 175
55 177
55 183
55 187
55 189
55 194
55 200
55 204
55 205
55 215
55 220
55 223
55 229
55 237
55 243
55 246
55 247
55 248
55 256
55 258
55 259
55 261
55 271
55 272
55 273
55 274
55 276
55 284
55 286
55 289
55 290
55 295
55 297
55 299
56 67
56 88
56 109
56 143
56 150
56 158
56 166
56 167
56 171
56 175
56 177
56 190
56 204
56 230
56 240
56 247
56 248
56 253
56 271
56 274
56 276
56 282
56 284
56 298
56 300
57 63
57 67
57 81
57 84
57 98
57 109
57 116
57 125
57 137
57 142
57 165
57 172
57 177
57 213
57 221
57 230
57 244
57 250
57 265
57 271
57 276
57 288
57 299
58 63
58 68
58 86
58 95
58 96
58 107
58 146
58 154
58 159
58 190
58 191
58 193
58 199
58 214
58 218
58 220
58 221
58 278
58 297
59 60
59 65
59 71
59 72
59 74
59 79
59 80
59 84
59 91
59 94
59 103
59 109
59 120
59 125
59 126
59 131
59 135
59 141
59 151
59 166
59 167
59 174
59 175
59 177
59 178
59 183
59 189
59 193
59 199
59 204
59 208
59 221
59 223
59 231
59 241
59 242
59 245
59 247
59 248
59 250
59 259
59 262
59 263
59 265
59 268
59 271
59 276
59 284
59 288
59 299
60 64
60 89
60 129
60 135
60 145
60 150
60 167
60 175
60 177
60 193
60 208
60 209
60 223
60 231
60 237
60 242
60 247
60 248
60 252
60 254
60 271
60 274
60 275
60 278
60 284
60 289
60 290
60 297
61 95
61 103
61 105
61 129
61 135
61 167
61 175
61 186
61 187
61 195
61 230
61 243
61 244
61 247
61 248
61 252
61 258
61 267
61 271
61 276
61 278
61 284
61 287
61 290
61 293
61 295
61 299
62 65
62 83
62 89
62 93
62 103
62 109
62 111
62 125
62 130
62 135
62 140
62 150
62 162
62 167
62 175
62 177
62 183
62 193
62 198
62 204
62 208
62 212
62 223
62 230
62 231
62 246
62 247
62 248
62 254
62 255
62 261
62 271
62 275
62 276
62 284
62 288
62 289
62 290
62 295
62 297
63 67
63 84
63 90
63 114
63 116
63 119
63 125
63 135
63 147
63 151
63 154
63 167
63 175
63 177
63 185
63 203
63 207
63 222
63 223
63 226
63 230
63 235
63 239
63 248
63 257
63 271
63 276
63 284
64 65
64 74
64 75
64 79
64 94
64 96
64 97
64 109
64 111
64 124
64 135
64 151
64 152
64 154
64 157
64 167
64 175
64 177
64 179
64 182
64 187
64 192
64 202
64 204
64 205
64 208
64 209
64 223
64 231
64 232
64 240
64 245
64 246
64 247
64 248
64 250
64 252
64 253
64 255
64 258
64 260
64 271
64 272
64 276
64 281
64 284
64 286
64 290
64 294
64 297
65 72
65 74
65 75
65 76
65 79
65 87
65 91
65 93
65 96
65 99
65 101
65 102
65 103
65 109
65 110
65 111
65 113
65 122
65 124
65 125
65 130
65 135
65 138
65 141
65 146
65 148
65 149
65 150
65 154
65 157
65 161
65 166
65 167
65 171
65 172
65 175
65 177
65 181
65 182
65 183
65 186
65 187
65 188
65 189
65 190
65 191
65 193
65 199
65 204
65 205
65 206
65 207
65 208
65 212
65 213
65 222
65 223
65 230
65 243
65 246
65 247
65 248
65 249
65 250
65 255
65 258
65 260
65 271
65 276
65 278
65 282
65 284
65 285
65 290
65 294
65 295
65 296
65 297
66 70
66 86
66 92
66 96
66 104
66 157
66 170
66 185
66 194
66 205
66 210
66 214
66 216
66 219
66 267
66 270
66 285
66 295
66 299
67 69
67 71
67 83
67 94
67 114
67 136
67 144
67 153
67 158
67 177
67 192
67 237
67 242
67 246
67 255
67 257
68 76
68 103
68 124
68 143
68 167
68 177
68 194
68 235
68 245
68 249
68 252
68 255
68 273
68 285
68 290
68 292
69 83
69 84
69 105
69 156
69 158
69 162
69 173
69 181
69 213
69 218
69 223
69 258
69 290
69 296
70 71
70 76
70 85
70 92
70 101
70 124
70 135
70 137
70 150
70 157
70 167
70 168
70 175
70 177
70 179
70 183
70 185
70 186
70 203
70 206
70 217
70 224
70 227
70 233
70 240
70 243
70 246
70 248
70 253
70 271
70 273
70 282
70 283
70 284
70 285
70 286
70 290
70 294
71 73
71 81
71 102
71 139
71 149
71 157
71 168
71 175
71 201
71 218
71 224
71 244
71 257
71 262
71 268
71 283
71 290
71 298
72 77
72 89
72 101
72 107
72 126
72 130
72 138
72 147
72 161
72 199
72 213
72 271
72 296
72 298
73 95
73 112
73 115
73 141
73 148
73 160
73 165
73 179
73 190
73 200
73 237
73 239
73 252
73 255
73 278
74 79
74 81
74 87
74 91
74 96
74 102
74 109
74 132
74 138
74 149
74 153
74 154
74 167
74 172
74 175
74 176
74 177
74 183
74 199
74 201
74 202
74 207
74 208
74 209
74 220
74 221
74 223
74 225
74 229
74 230
74 243
74 247
74 248
74 255
74 258
74 268
74 271
74 276
74 281
74 282
74 284
74 286
74 288
74 290
74 295
74 297
74 299
75 79
75 84
75 89
75 91
75 107
75 109
75 112
75 125
75 134
75 157
75 158
75 162
75 175
75 186
75 188
75 202
75 204
75 208
75 209
75 212
75 223
75 245
75 247
75 248
75 250
75 251
75 254
75 255
75 259
75 262
75 271
75 273
75 276
75 284
75 290
76 88
76 90
76 105
76 109
76 124
76 125
76 133
76 143
76 152
76 156
76 162
76 175
76 177
76 180
76 183
76 221
76 223
76 229
76 234
76 265
76 271
76 276
76 284
76 290
76 292
77 79
77 89
77 130
77 133
77 143
77 153
77 168
77 178
77 184
77 186
77 198
77 200
77 224
77 234
77 247
77 253
77 278
77 290
77 298
78 115
78 121
78 127
78 128
78 150
78 161
78 168
78 200
78 202
78 220
78 249
78 269
78 275
78 300
79 82
79 87
79 91
79 102
79 109
79 130
79 138
79 141
79 151
79 152
79 166
79 167
79 171
79 172
79 175
79 176
79 177
79 183
79 188
79 189
79 199
79 202
79 205
79 206
79 208
79 221
79 222
79 223
79 230
79 231
79 240
79 242
79 243
79 248
79 253
79 258
79 261
79 271
79 276
79 284
79 290
79 295
79 297
80 94
80 96
80 118
80 133
80 134
80 172
80 179
80 185
80 190
80 206
80 214
80 224
80 262
80 271
80 276
80 281
80 284
80 291
81 87
81 99
81 113
81 117
81 127
81 132
81 134
81 137
81 141
81 143
81 167
81 171
81 186
81 196
81 202
81 210
81 213
81 245
81 247
81 249
81 253
81 259
81 266
81 268
81 269
81 276
81 280
82 84
82 107
82 120
82 148
82 186
82 208
82 230
82 238
82 242
82 264
83 93
83 103
83 119
83 126
83 146
83 164
83 182
83 253
83 265
83 281
83 282
83 289
83 294
84 118
84 123
84 133
84 156
84 158
84 182
84 192
84 202
84 207
84 221
84 222
84 225
84 245
84 261
84 277
84 283
84 285
84 296
85 101
85 109
85 111
85 112
85 137
85 144
85 186
85 200
85 217
85 219
85 230
85 259
85 261
85 286
85 294
86 87
86 115
86 122
86 139
86 164
86 167
86 168
86 175
86 180
86 192
86 212
86 222
86 223
86 268
86 270
86 272
86 273
86 276
86 282
86 283
86 284
86 290
86 295
87 100
87 103
87 109
87 134
87 135
87 153
87 201
87 204
87 216
87 218
87 222
87 232
87 239
87 266
87 277
87 279
88 91
88 96
88 99
88 129
88 132
88 139
88 150
88 158
88 159
88 185
88 226
88 246
88 251
88 271
89 93
89 99
89 111
89 147
89 167
89 204
89 208
89 217
89 226
89 248
89 265
89 271
89 276
89 281
89 283
89 290
90 93
90 95
90 97
90 111
90 122
90 133
90 140
90 176
90 183
90 209
90 215
90 223
90 229
90 273
90 285
90 290
90 295
90 296
91 95
91 102
91 105
91 106
91 109
91 123
91 125
91 133
91 135
91 138
91 149
91 152
91 166
91 167
91 172
91 175
91 177
91 183
91 184
91 197
91 199
91 202
91 204
91 208
91 209
91 210
91 215
91 221
91 223
91 224
91 225
91 239
91 243
91 247
91 248
91 252
91 253
91 255
91 258
91 271
91 276
91 279
91 282
91 284
91 286
91 287
91 290
91 295
91 297
92 109
92 124
92 131
92 154
92 161
92 179
92 210
92 212
92 223
92 234
92 238
92 240
92 250
92 257
92 262
92 264
92 268
92 294
92 298
93 94
93 109
93 119
93 121
93 125
93 126
93 133
93 135
93 167
93 177
93 178
93 188
93 193
93 208
93 213
93 222
93 223
93 232
93 234
93 237
93 248
93 271
93 276
93 291
93 294
93 295
93 297
94 107
94 109
94 113
94 117
94 119
94 131
94 147
94 152
94 155
94 160
94 165
94 199
94 204
94 206
94 208
94 213
94 221
94 223
94 224
94 244
94 252
94 271
94 276
94 281
95 97
95 109
95 124
95 135
95 149
95 167
95 175
95 176
95 181
95 183
95 214
95 215
95 223
95 240
95 255
95 271
95 274
95 276
95 284
95 287
95 290
95 295
95 296
96 104
96 117
96 127
96 135
96 154
96 158
96 159
96 165
96 194
96 199
96 202
96 203
96 208
96 211
96 231
96 239
96 240
96 246
96 247
96 255
96 257
96 259
96 271
96 276
96 285
97 98
97 123
97 139
97 141
97 173
97 213
97 216
97 220
97 222
97 231
97 271
97 273
97 278
97 290
97 292
97 299
98 110
98 115
98 118
98 120
98 123
98 131
98 133
98 153
98 157
98 159
98 177
98 179
98 194
98 197
98 224
98 225
98 254
98 259
98 262
98 269
98 276
98 288
98 290
99 101
99 105
99 127
99 135
99 150
99 152
99 162
99 169
99 172
99 208
99 226
99 251
99 253
99 254
99 275
99 297
100 128
100 134
100 142
100 190
100 201
100 215
100 218
100 223
100 230
100 244
100 247
100 278
100 279
100 288
101 107
101 116
101 133
101 135
101 137
101 153
101 165
101 167
101 172
101 183
101 222
101 223
101 229
101 233
101 238
101 239
101 248
101 258
101 268
101 269
101 271
101 273
101 276
101 284
101 290
101 291
101 295
102 114
102 126
102 128
102 153
102 154
102 163
102 171
102 175
102 187
102 198
102 209
102 234
102 276
102 282
102 295
102 299
103 110
103 127
103 135
103 160
103 167
103 172
103 175
103 177
103 186
103 208
103 224
103 227
103 234
103 240
103 246
103 247
103 248
103 271
103 275
103 276
103 284
104 121
104 126
104 135
104 167
104 174
104 175
104 187
104 191
104 221
104 232
104 243
104 246
104 259
104 273
104 284
104 289
104 298
105 121
105 140
105 148
105 149
105 152
105 161
105 163
105 183
105 192
105 200
105 203
105 220
105 248
105 287
106 120
106 121
106 126
106 127
106 135
106 170
106 179
106 187
106 191
106 193
106 203
106 208
106 209
106 244
106 249
106 268
106 270
106 281
107 111
107 116
107 118
107 128
107 132
107 134
107 135
107 147
107 149
107 168
107 172
107 175
107 177
107 182
107 184
107 185
107 188
107 189
107 208
107 211
107 222
107 239
107 240
107 246
107 247
107 249
107 270
107 271
107 272
107 281
107 284
107 292
108 134
108 157
108 199
108 232
108 238
108 239
108 266
108 279
109 111
109 112
109 119
109 120
109 124
109 125
109 126
109 130
109 133
109 135
109 138
109 141
109 145
109 149
109 152
109 157
109 158
109 166
109 167
109 171
109 172
109 175
109 177
109 179
109 182
109 183
109 184
109 185
109 186
109 187
109 188
109 189
109 193
109 196
109 199
109 202
109 204
109 208
109 210
109 212
109 213
109 215
109 216
109 220
109 221
109 223
109 230
109 234
109 238
109 240
109 243
109 244
109 246
109 247
109 248
109 249
109 250
109 252
109 255
109 258
109 263
109 264
109 271
109 272
109 276
109 282
109 284
109 288
109 290
109 292
109 294
109 295
109 297
109 299
110 124
110 141
110 167
110 176
110 179
110 201
110 213
110 224
110 230
110 251
110 284
110 296
111 113
111 125
111 133
111 135
111 152
111 156
111 167
111 175
111 179
111 187
111 189
111 199
111 203
111 205
111 208
111 212
111 216
111 220
111 223
111 226
111 231
111 240
111 243
111 247
111 248
111 254
111 258
111 260
111 266
111 271
111 273
111 276
111 284
111 288
111 290
111 294
111 295
111 297
112 131
112 133
112 135
112 143
112 144
112 153
112 154
112 157
112 167
112 171
112 183
112 197
112 199
112 206
112 223
112 233
112 238
112 239
112 243
112 251
112 254
112 259
112 271
112 272
112 276
112 287
112 290
112 294
112 295
113 125
113 179
113 190
113 197
113 199
113 203
113 221
113 236
113 256
113 268
113 275
113 276
113 288
114 126
114 136
114 144
114 150
114 155
114 156
114 157
114 162
114 173
114 191
114 193
114 205
114 207
114 208
114 214
114 215
114 230
114 278
114 279
114 282
114 283
114 290
114 296
115 116
115 124
115 140
115 209
115 222
115 229
115 236
115 247
115 252
115 269
115 274
115 282
115 283
116 127
116 142
116 149
116 175
116 178
116 184
116 190
116 198
116 219
116 223
116 228
116 242
116 248
116 259
116 280
117 146
117 152
117 155
117 156
117 158
117 175
117 183
117 203
117 204
117 210
117 212
117 221
117 224
117 228
117 233
117 240
117 245
117 246
117 251
117 276
118 132
118 133
118 150
118 154
118 158
118 163
118 167
118 190
118 212
118 234
118 235
118 257
118 286
118 292
118 296
118 299
119 136
119 146
119 149
119 153
119 168
119 169
119 180
119 197
119 206
119 223
119 248
119 271
119 279
119 284
119 299
120 121
120 141
120 144
120 167
120 169
120 174
120 177
120 182
120 188
120 189
120 209
120 212
120 215
120 219
120 223
120 229
120 249
120 252
120 258
120 276
121 127
121 128
121 136
121 156
121 176
121 189
121 204
121 232
121 243
121 244
121 251
121 266
121 285
122 127
122 133
122 135
122 155
122 161
122 167
122 175
122 180
122 199
122 204
122 214
122 218
122 223
122 227
122 249
122 254
122 258
122 271
122 276
122 284
122 285
122 295
123 157
123 162
123 173
123 188
123 205
123 220
123 225
123 229
123 242
123 243
123 250
123 271
123 276
123 286
124 126
124 135
124 142
124 150
124 152
124 158
124 165
124 167
124 173
124 175
124 177
124 180
124 183
124 187
124 204
124 205
124 209
124 223
124 243
124 247
124 248
124 258
124 271
124 273
124 276
124 284
124 290
124 294
124 295
124 297
125 135
125 137
125 139
125 147
125 149
125 151
125 166
125 167
125 171
125 172
125 175
125 177
125 179
125 183
125 188
125 198
125 208
125 212
125 223
125 230
125 239
125 240
125 246
125 247
125 248
125 249
125 250
125 254
125 255
125 267
125 271
125 275
125 276
125 277
125 284
125 294
125 295
125 297
126 134
126 135
126 139
126 147
126 167
126 183
126 187
126 192
126 193
126 197
126 198
126 212
126 220
126 223
126 241
126 243
126 248
126 255
126 267
126 278
126 290
126 295
126 297
127 146
127 170
127 178
127 204
127 221
127 240
127 245
127 256
127 257
127 279
128 139
128 152
128 156
128 163
128 167
128 174
128 187
128 200
128 223
128 252
128 291
128 295
129 135
129 159
129 167
129 175
129 176
129 200
129 201
129 208
129 214
129 243
129 248
129 258
129 260
129 272
129 276
129 277
129 285
129 291
130 163
130 175
130 196
130 222
130 223
130 224
130 253
130 259
130 269
130 270
130 271
130 276
130 284
130 290
131 139
131 148
131 161
131 164
131 174
131 177
131 191
131 194
131 203
131 205
131 208
131 250
131 260
131 275
131 278
131 280
131 290
131 297
132 134
132 149
132 171
132 180
132 182
132 183
132 185
132 238
132 243
132 257
132 292
133 158
133 159
133 167
133 172
133 178
133 183
133 223
133 230
133 234
133 237
133 241
133 243
133 248
133 254
133 265
133 271
133 273
133 276
133 279
133 283
133 284
133 290
133 294
133 295
133 296
133 297
133 299
134 135
134 137
134 140
134 145
134 171
134 203
134 216
134 247
134 256
134 284
134 298
135 141
135 149
135 150
135 152
135 156
135 159
135 164
135 166
135 167
135 168
135 172
135 175
135 177
135 183
135 186
135 187
135 188
135 193
135 204
135 205
135 206
135 208
135 212
135 221
135 223
135 230
135 231
135 234
135 243
135 245
135 246
135 247
135 248
135 249
135 250
135 252
135 258
135 259
135 260
135 262
135 268
135 271
135 273
135 276
135 281
135 284
135 289
135 290
135 291
135 294
135 295
135 297
135 299
136 144
136 156
136 177
136 184
136 188
136 207
136 208
136 212
136 224
136 265
136 268
136 271
136 274
136 284
136 285
136 293
137 158
137 167
137 176
137 178
137 187
137 189
137 190
137 215
137 222
137 226
137 233
137 242
137 257
137 262
137 278
138 141
138 149
138 156
138 167
138 171
138 175
138 177
138 183
138 202
138 204
138 209
138 223
138 240
138 255
138 270
138 271
138 274
138 276
138 281
138 282
138 284
138 290
138 295
139 151
139 157
139 167
139 175
139 177
139 183
139 189
139 209
139 218
139 231
139 232
139 252
139 271
139 284
139 287
139 297
140 184
140 188
140 225
140 227
140 257
140 280
140 299
141 157
141 161
141 164
141 167
141 171
141 175
141 177
141 185
141 207
141 213
141 226
141 240
141 244
141 248
141 256
141 257
141 271
141 276
141 277
141 278
141 281
141 282
141 284
141 285
141 297
142 166
142 189
142 196
142 208
142 216
142 246
142 255
142 256
142 274
142 277
143 154
143 159
143 183
143 195
143 197
143 245
143 249
143 256
143 287
143 294
144 174
144 181
144 202
144 222
144 237
144 249
144 297
145 149
145 150
145 167
145 174
145 175
145 177
145 185
145 189
145 196
145 199
145 215
145 220
145 223
145 231
145 234
145 240
145 247
145 257
145 271
145 277
145 280
145 284
145 286
145 295
145 297
146 148
146 161
146 164
146 168
146 182
146 200
146 209
146 216
146 224
146 268
146 297
147 171
147 198
147 204
147 213
147 221
147 234
147 271
147 299
148 151
148 165
148 169
148 176
148 178
148 179
148 181
148 198
148 203
148 207
148 214
148 227
148 251
148 297
149 154
149 157
149 165
149 167
149 168
149 175
149 176
149 177
149 183
149 186
149 189
149 193
149 199
149 202
149 204
149 208
149 214
149 221
149 223
149 230
149 236
149 248
149 249
149 250
149 255
149 262
149 271
149 272
149 276
149 284
149 290
149 295
149 300
150 167
150 168
150 169
150 175
150 177
150 180
150 183
150 186
150 187
150 188
150 192
150 204
150 219
150 223
150 239
150 242
150 253
150 260
150 271
150 273
150 276
150 285
150 290
150 293
150 294
150 298
150 300
151 194
151 209
151 228
151 231
151 249
151 261
151 279
152 166
152 167
152 171
152 172
152 175
152 176
152 177
152 178
152 186
152 202
152 205
152 209
152 212
152 215
152 219
152 221
152 223
152 246
152 247
152 248
152 253
152 260
152 261
152 265
152 266
152 273
152 282
152 284
152 290
152 295
152 297
153 175
153 186
153 201
153 210
153 215
153 228
153 236
153 239
153 279
154 159
154 166
154 167
154 171
154 175
154 191
154 192
154 193
154 218
154 221
154 222
154 223
154 227
154 231
154 246
154 247
154 260
154 276
154 284
154 285
154 290
154 292
154 295
154 296
155 175
155 176
155 177
155 198
155 202
155 204
155 247
155 252
155 260
155 286
155 293
155 297
156 157
156 175
156 201
156 210
156 239
156 257
156 274
156 277
156 281
156 284
156 299
157 160
157 175
157 181
157 185
157 201
157 208
157 221
157 224
157 231
157 242
157 245
157 247
157 249
157 250
157 253
157 262
157 264
157 271
157 276
157 279
157 282
157 284
158 186
158 192
158 199
158 218
158 223
158 225
158 247
158 248
158 262
158 263
158 267
158 275
158 278
158 281
159 167
159 212
159 215
159 219
159 241
159 255
159 257
159 262
159 263
159 272
159 298
160 163
160 188
160 218
160 264
160 271
160 273
160 277
161 186
161 190
161 202
161 212
161 214
161 216
161 219
161 224
161 225
161 227
161 253
161 269
161 284
161 292
161 293
162 169
162 171
162 185
162 203
162 223
162 241
162 247
162 268
162 288
162 296
162 299
163 177
163 207
163 210
163 223
163 236
163 252
163 254
163 271
163 279
163 281
163 290
164 175
164 185
164 189
164 197
164 234
164 271
164 274
164 284
165 192
165 195
165 199
165 204
165 217
165 239
165 244
165 252
165 272
165 290
166 175
166 176
166 177
166 183
166 188
166 198
166 202
166 204
166 208
166 212
166 220
166 221
166 223
166 232
166 243
166 246
166 248
166 252
166 255
166 259
166 261
166 271
166 276
166 284
166 285
166 290
166 292
166 295
167 171
167 172
167 175
167 176
167 177
167 182
167 183
167 185
167 186
167 193
167 199
167 202
167 204
167 205
167 206
167 208
167 212
167 218
167 221
167 223
167 224
167 230
167 231
167 238
167 243
167 245
167 246
167 247
167 248
167 250
167 255
167 257
167 258
167 259
167 271
167 273
167 276
167 277
167 281
167 282
167 283
167 284
167 288
167 290
167 294
167 295
167 297
167 299
168 169
168 175
168 176
168 177
168 198
168 207
168 214
168 228
168 230
168 241
168 242
168 243
168 248
168 260
168 271
168 273
168 275
168 276
168 280
168 284
168 290
168 292
168 295
169 181
169 191
169 193
169 232
169 243
169 274
169 292
169 299
170 175
170 177
170 191
170 203
170 225
170 232
170 252
170 259
170 271
170 293
171 172
171 174
171 175
171 177
171 183
171 202
171 208
171 214
171 223
171 230
171 240
171 248
171 249
171 255
171 258
171 266
171 271
171 272
171 276
171 284
171 287
171 293
171 295
171 297
172 177
172 178
172 183
172 191
172 204
172 223
172 224
172 234
172 244
172 246
172 255
172 258
172 261
172 263
172 273
172 275
172 276
172 277
172 284
172 295
172 297
173 188
173 189
173 192
173 204
173 217
173 235
173 238
173 274
173 283
173 286
173 298
174 181
174 192
174 219
174 236
174 251
174 263
174 265
174 277
174 283
174 285
175 176
175 177
175 178
175 179
175 182
175 183
175 184
175 186
175 187
175 190
175 191
175 193
175 195
175 196
175 199
175 202
175 204
175 205
175 206
175 207
175 208
175 212
175 213
175 215
175 220
175 221
175 223
175 224
175 230
175 231
175 232
175 235
175 238
175 240
175 243
175 245
175 246
175 247
175 248
175 249
175 250
175 253
175 255
175 256
175 257
175 258
175 259
175 260
175 262
175 263
175 271
175 273
175 276
175 281
175 282
175 284
175 285
175 288
175 290
175 292
175 294
175 295
175 296
175 297
175 299
176 179
176 188
176 189
176 191
176 216
176 221
176 222
176 236
176 245
176 249
176 255
176 259
176 276
176 284
176 290
176 291
176 295
177 182
177 183
177 184
177 186
177 187
177 188
177 189
177 191
177 193
177 196
177 199
177 204
177 205
177 208
177 212
177 213
177 223
177 230
177 231
177 238
177 243
177 245
177 246
177 247
177 248
177 249
177 250
177 255
177 257
177 258
177 260
177 268
177 271
177 276
177 277
177 281
177 284
177 285
177 290
177 294
177 295
177 297
178 188
178 196
178 200
178 202
178 208
178 216
178 223
178 240
178 281
179 184
179 186
179 190
179 199
179 202
179 207
179 208
179 217
179 235
179 240
179 255
179 261
179 262
179 271
179 276
179 292
180 199
180 203
180 226
180 245
180 258
180 298
181 195
181 203
181 212
181 219
181 224
182 185
182 208
182 209
182 220
182 234
182 240
182 248
182 255
182 260
182 271
182 276
182 284
182 290
183 187
183 188
183 204
183 205
183 212
183 215
183 218
183 221
183 223
183 230
183 234
183 242
183 243
183 248
183 249
183 253
183 254
183 255
183 258
183 262
183 268
183 271
183 273
183 276
183 284
183 287
183 290
183 293
183 294
183 295
183 297
184 187
184 202
184 208
184 231
184 240
184 246
184 251
184 252
184 257
184 265
184 271
184 276
184 282
184 295
184 296
185 202
185 215
185 235
185 253
185 257
185 263
185 276
185 281
185 284
185 292
185 300
186 188
186 197
186 204
186 208
186 223
186 228
186 230
186 236
186 240
186 248
186 250
186 267
186 270
186 271
186 276
186 284
186 295
186 297
187 193
187 204
187 208
187 223
187 246
187 247
187 248
187 262
187 263
187 271
187 276
187 277
187 281
187 284
187 285
187 290
187 294
187 295
188 189
188 200
188 208
188 212
188 223
188 230
188 231
188 232
188 243
188 250
188 255
188 258
188 267
188 271
188 272
188 276
188 282
188 284
188 294
188 295
188 297
189 208
189 211
189 217
189 223
189 237
189 238
189 246
189 247
189 248
189 250
189 252
189 258
189 271
189 274
189 276
189 284
189 300
190 196
190 212
190 253
190 258
190 285
190 300
191 201
191 211
191 230
191 271
191 284
191 292
191 293
192 193
192 197
192 204
192 230
192 236
192 257
192 274
192 286
193 204
193 205
193 208
193 212
193 220
193 221
193 223
193 231
193 243
193 245
193 247
193 248
193 253
193 258
193 261
193 265
193 271
193 276
193 284
193 285
193 290
193 291
193 297
193 299
194 200
194 225
194 242
194 248
194 271
194 272
194 273
194 298
195 200
195 243
195 246
195 247
195 254
195 256
195 276
195 299
196 199
196 228
196 231
196 234
196 240
196 244
196 261
196 271
196 274
196 276
196 277
196 299
197 206
197 236
197 250
197 264
197 283
197 290
198 208
198 232
198 241
198 248
198 249
198 257
198 264
198 271
198 283
198 295
199 202
199 208
199 217
199 221
199 223
199 230
199 231
199 236
199 240
199 242
199 244
199 246
199 247
199 248
199 254
199 255
199 266
199 271
199 272
199 276
199 284
199 292
199 297
200 201
200 225
200 258
200 264
200 265
200 266
200 267
200 275
200 276
201 208
201 216
201 220
201 223
201 235
201 250
201 295
202 208
202 220
202 221
202 227
202 234
202 240
202 247
202 251
202 273
202 276
202 284
202 289
202 292
202 297
203 231
203 255
203 257
203 269
203 281
203 284
203 289
203 300
204 205
204 211
204 223
204 245
204 246
204 247
204 248
204 249
204 251
204 255
204 271
204 276
204 280
204 284
204 290
204 295
204 297
205 208
205 221
205 223
205 231
205 233
205 234
205 244
205 247
205 248
205 264
205 265
205 267
205 271
205 276
205 278
205 284
205 288
205 289
205 290
205 295
205 297
206 207
206 223
206 228
206 246
206 248
206 261
206 264
206 271
206 275
206 276
206 284
206 295
206 298
207 216
207 241
207 254
207 255
207 260
207 265
207 270
207 290
208 212
208 213
208 220
208 223
208 225
208 230
208 231
208 232
208 235
208 236
208 240
208 243
208 245
208 246
208 247
208 248
208 249
208 250
208 253
208 257
208 271
208 272
208 276
208 281
208 282
208 283
208 284
208 285
208 288
208 292
208 297
209 226
209 235
209 246
209 252
209 255
209 258
209 265
209 268
209 276
209 277
209 299
210 233
210 255
210 257
210 258
210 271
210 272
210 275
210 276
210 279
210 281
210 284
210 287
210 297
211 217
211 220
211 236
211 256
211 277
211 291
212 215
212 223
212 234
212 243
212 247
212 248
212 249
212 254
212 258
212 268
212 271
212 276
212 278
212 284
212 290
212 295
213 232
213 247
213 255
213 271
213 276
213 284
213 290
213 291
213 300
214 227
214 251
214 287
215 223
215 240
215 246
215 247
215 248
215 253
215 263
215 271
215 276
215 278
215 280
215 281
215 282
215 290
215 295
216 224
216 228
216 230
216 244
216 249
216 264
216 273
216 279
216 299
217 219
217 280
217 297
218 219
218 236
218 238
218 240
218 249
218 253
218 261
218 282
218 290
218 292
218 299
219 242
219 244
219 249
219 264
219 273
219 293
220 240
220 249
220 271
220 276
220 278
220 280
220 284
220 291
221 230
221 233
221 240
221 246
221 247
221 248
221 253
221 255
221 265
221 271
221 276
221 284
221 288
221 295
221 297
221 299
222 226
222 231
222 260
222 267
222 275
222 281
222 282
223 224
223 226
223 230
223 234
223 238
223 243
223 246
223 247
223 248
223 249
223 250
223 254
223 255
223 258
223 260
223 263
223 265
223 268
223 271
223 273
223 276
223 277
223 282
223 284
223 290
223 294
223 295
223 296
223 297
224 233
224 243
224 259
224 271
224 276
224 283
224 284
225 240
225 255
225 259
225 270
225 294
225 299
226 239
226 241
226 244
226 250
226 263
226 271
226 293
226 297
227 250
227 258
227 268
227 275
227 277
227 282
227 288
228 251
228 273
228 279
229 239
229 248
229 249
229 271
229 276
229 292
230 238
230 247
230 255
230 257
230 258
230 268
230 269
230 271
230 276
230 279
230 284
230 295
230 297
230 299
231 240
231 245
231 246
231 247
231 262
231 267
231 271
231 275
231 276
231 281
231 284
231 285
231 286
231 288
231 297
231 299
232 235
232 240
232 244
232 246
232 247
232 255
232 257
232 266
232 267
232 268
232 271
232 284
233 242
233 246
233 251
233 275
233 294
234 241
234 258
234 263
234 266
234 273
234 276
234 289
234 294
234 295
235 245
235 271
235 277
235 285
235 292
235 293
235 298
236 264
236 274
236 282
236 299
237 246
237 258
237 261
237 263
237 286
237 296
237 297
238 241
238 266
238 270
238 271
238 276
238 290
238 295
239 240
239 255
239 256
239 263
239 288
239 298
240 245
240 246
240 253
240 271
240 276
240 285
240 289
240 295
240 297
241 252
241 255
241 272
241 282
242 243
242 262
242 264
242 267
242 271
242 279
243 247
243 248
243 250
243 256
243 258
243 266
243 267
243 271
243 273
243 276
243 277
243 278
243 279
243 290
243 292
243 295
243 297
244 246
244 251
244 257
244 260
244 271
244 275
244 281
245 246
245 247
245 248
245 249
245 268
245 271
245 276
245 281
245 284
245 285
245 288
245 289
245 290
245 292
245 294
246 247
246 248
246 253
246 254
246 260
246 271
246 276
246 278
246 280
246 281
246 284
246 285
246 288
246 294
246 296
246 299
247 248
247 249
247 250
247 253
247 255
247 258
247 260
247 262
247 267
247 271
247 272
247 276
247 281
247 284
247 286
247 288
247 290
247 294
247 295
247 297
247 299
248 249
248 250
248 255
248 258
248 263
248 271
248 276
248 284
248 288
248 289
248 290
248 294
248 295
248 297
249 255
249 259
249 271
249 276
249 281
249 284
250 255
250 257
250 263
250 271
250 272
250 276
250 284
250 288
250 297
251 256
251 258
251 262
251 286
251 288
251 296
252 283
252 290
253 260
253 269
253 270
253 272
253 276
253 282
253 284
253 289
253 295
253 300
254 264
254 297
255 258
255 263
255 265
255 268
255 271
255 273
255 276
255 284
255 286
255 288
255 290
255 295
255 297
256 264
256 276
256 285
256 287
256 292
256 299
257 276
258 268
258 271
258 276
258 284
258 290
258 291
258 292
258 295
258 297
258 298
259 271
259 279
259 300
260 262
260 271
260 273
260 276
260 284
260 287
260 288
260 298
261 265
261 274
261 291
262 271
262 284
262 285
262 300
263 266
263 267
263 276
263 287
263 288
264 300
265 274
265 282
265 288
265 292
265 296
266 268
266 284
266 290
266 300
267 271
267 277
267 279
267 290
267 295
269 279
269 289
270 282
271 272
271 273
271 276
271 281
271 282
271 284
271 285
271 288
271 290
271 292
271 294
271 295
271 297
271 299
272 283
272 284
272 288
273 277
273 284
273 290
273 295
273 296
274 283
274 297
275 282
276 280
276 281
276 282
276 284
276 285
276 286
276 288
276 290
276 292
276 294
276 295
276 297
277 283
277 285
277 295
278 281
278 299
279 297
279 298
280 282
280 286
281 294
282 290
282 294
283 284
284 288
284 290
284 294
284 295
284 299
285 288
286 290
286 295
286 296
286 297
287 288
287 293
288 296
289 290
290 294
290 295
290 296
290 297
294 295
295 296
295 297
