1 2
1 5
1 9
1 18
1 20
1 23
1 25
1 26
1 29
1 31
1 51
1 55
1 58
1 59
1 61
1 62
1 65
1 69
1 70
1 72
1 84
1 91
1 94
1 95
1 97
1 104
1 110
1 112
1 118
1 125
1 131
1 136
1 139
1 140
1 144
1 155
1 158
1 161
1 175
1 180
1 184
1 191
1 197
1 198
1 199
1 207
1 212
1 217
1 231
1 233
1 235
1 241
1 244
1 249
1 250
1 251
1 254
1 256
1 258
1 261
1 263
1 265
1 268
1 269
1 273
1 276
1 278
1 281
1 282
1 284
1 290
1 293
1 295
1 300
2 5
2 9
2 10
2 11
2 12
2 13
2 17
2 18
2 23
2 24
2 25
2 29
2 32
2 38
2 41
2 47
2 57
2 58
2 59
2 60
2 61
2 62
2 65
2 69
2 70
2 77
2 79
2 84
2 86
2 87
2 88
2 91
2 92
2 94
2 96
2 97
2 103
2 104
2 105
2 106
2 111
2 118
2 120
2 121
2 124
2 128
2 129
2 134
2 136
2 139
2 140
2 143
2 144
2 145
2 146
2 147
2 153
2 155
2 156
2 160
2 161
2 163
2 164
2 168
2 172
2 173
2 174
2 175
2 184
2 185
2 189
2 191
2 193
2 199
2 200
2 202
2 204
2 207
2 212
2 216
2 225
2 229
2 230
2 232
2 233
2 237
2 238
2 240
2 241
2 242
2 243
2 244
2 248
2 251
2 253
2 259
2 261
2 267
2 268
2 269
2 270
2 271
2 272
2 273
2 275
2 276
2 277
2 278
2 282
2 285
2 286
2 287
2 290
2 291
2 294
2 295
3 20
3 26
3 31
3 43
3 55
3 59
3 66
3 76
3 77
3 103
3 105
3 128
3 129
3 132
3 135
3 153
3 160
3 173
3 184
3 187
3 191
3 196
3 197
3 198
3 199
3 213
3 214
3 228
3 231
3 235
3 241
3 242
3 250
3 264
3 275
3 283
3 300
4 16
4 25
4 27
4 28
4 31
4 35
4 52
4 63
4 65
4 87
4 88
4 130
4 132
4 141
4 165
4 203
4 211
4 213
4 225
4 266
4 270
4 271
4 281
4 283
4 296
5 11
5 12
5 13
5 18
5 20
5 28
5 29
5 31
5 35
5 36
5 41
5 42
5 47
5 51
5 59
5 61
5 62
5 63
5 69
5 79
5 81
5 84
5 92
5 94
5 95
5 96
5 97
5 101
5 104
5 105
5 106
5 112
5 140
5 142
5 144
5 146
5 152
5 159
5 160
5 161
5 164
5 167
5 171
5 175
5 177
5 178
5 185
5 186
5 191
5 192
5 193
5 197
5 199
5 200
5 202
5 212
5 216
5 218
5 227
5 230
5 232
5 234
5 238
5 240
5 241
5 244
5 247
5 252
5 253
5 259
5 261
5 265
5 269
5 282
5 285
5 287
5 290
5 292
5 295
6 16
6 23
6 29
6 31
6 39
6 46
6 48
6 55
6 57
6 58
6 60
6 61
6 65
6 67
6 73
6 85
6 97
6 98
6 112
6 126
6 138
6 139
6 141
6 142
6 148
6 158
6 168
6 192
6 205
6 208
6 211
6 215
6 216
6 218
6 222
6 225
6 237
6 243
6 261
6 269
6 270
6 272
6 279
6 289
6 291
6 294
6 295
6 296
7 30
7 45
7 50
7 51
7 72
7 80
7 83
7 91
7 127
7 144
7 151
7 160
7 166
7 185
7 188
7 191
7 198
7 208
7 219
7 240
7 242
7 250
7 271
7 287
7 296
8 18
8 23
8 29
8 53
8 54
8 57
8 82
8 98
8 99
8 119
8 134
8 151
8 163
8 167
8 172
8 173
8 199
8 201
8 202
8 208
8 212
8 215
8 258
8 260
8 262
8 270
8 273
8 281
8 292
8 294
9 14
9 29
9 30
9 37
9 38
9 48
9 60
9 70
9 73
9 85
9 102
9 129
9 137
9 151
9 163
9 166
9 167
9 170
9 173
9 250
9 255
9 263
9 277
9 279
9 300
10 14
10 30
10 34
10 47
10 64
10 69
10 77
10 83
10 97
10 98
10 104
10 110
10 113
10 120
10 122
10 131
10 142
10 150
10 160
10 161
10 178
10 179
10 180
10 184
10 191
10 201
10 207
10 213
10 218
10 227
10 252
10 253
10 255
10 266
10 271
10 276
10 282
10 286
10 287
10 296
11 12
11 24
11 25
11 30
11 42
11 43
11 47
11 49
11 52
11 62
11 69
11 83
11 104
11 105
11 106
11 112
11 140
11 144
11 151
11 158
11 161
11 179
11 191
11 192
11 194
11 217
11 224
11 229
11 230
11 238
11 241
11 244
11 252
11 253
11 261
11 262
11 272
11 282
11 283
11 285
11 290
11 295
11 299
12 13
12 23
12 24
12 25
12 26
12 29
12 31
12 32
12 34
12 35
12 36
12 41
12 42
12 49
12 53
12 58
12 62
12 63
12 69
12 71
12 77
12 79
12 84
12 87
12 88
12 90
12 91
12 92
12 94
12 96
12 97
12 100
12 104
12 106
12 115
12 122
12 124
12 127
12 128
12 134
12 136
12 140
12 143
12 144
12 145
12 153
12 160
12 161
12 164
12 166
12 168
12 171
12 173
12 175
12 178
12 182
12 184
12 191
12 193
12 199
12 200
12 204
12 225
12 229
12 232
12 238
12 241
12 242
12 244
12 246
12 248
12 253
12 258
12 259
12 264
12 267
12 268
12 269
12 270
12 271
12 272
12 273
12 277
12 282
12 285
12 286
12 287
12 290
12 291
12 294
12 297
12 299
12 300
13 23
13 25
13 29
13 34
13 43
13 46
13 47
13 48
13 49
13 61
13 62
13 63
13 66
13 68
13 69
13 70
13 77
13 79
13 84
13 88
13 92
13 93
13 94
13 96
13 97
13 98
13 106
13 112
13 119
13 120
13 140
13 142
13 143
13 144
13 145
13 146
13 159
13 161
13 164
13 168
13 175
13 177
13 178
13 183
13 187
13 191
13 198
13 202
13 217
13 218
13 222
13 227
13 229
13 230
13 237
13 238
13 240
13 241
13 244
13 246
13 248
13 265
13 267
13 268
13 269
13 270
13 271
13 277
13 282
13 287
13 290
13 291
13 300
14 22
14 34
14 36
14 40
14 61
14 77
14 87
14 91
14 103
14 112
14 117
14 161
14 187
14 190
14 207
14 210
14 229
14 234
14 242
14 243
14 247
14 254
14 265
14 266
14 274
14 287
14 289
14 299
14 300
15 20
15 24
15 33
15 39
15 57
15 60
15 69
15 76
15 85
15 97
15 105
15 121
15 144
15 160
15 161
15 178
15 188
15 191
15 195
15 197
15 205
15 208
15 215
15 224
15 254
15 272
15 274
15 281
15 282
15 283
16 17
16 28
16 45
16 54
16 66
16 97
16 104
16 114
16 120
16 122
16 134
16 143
16 144
16 156
16 165
16 169
16 185
16 190
16 202
16 203
16 208
16 215
16 219
16 228
16 238
16 263
16 264
16 275
16 283
17 21
17 50
17 51
17 59
17 62
17 66
17 71
17 72
17 85
17 110
17 122
17 127
17 128
17 131
17 134
17 137
17 149
17 150
17 153
17 154
17 169
17 172
17 190
17 194
17 220
17 226
17 227
17 233
17 267
17 286
17 293
18 19
18 21
18 23
18 31
18 35
18 38
18 41
18 51
18 61
18 68
18 93
18 98
18 99
18 105
18 111
18 118
18 127
18 140
18 164
18 172
18 191
18 194
18 201
18 218
18 222
18 225
18 230
18 234
18 241
18 244
18 251
18 256
18 259
18 284
18 292
18 293
19 27
19 28
19 45
19 47
19 50
19 57
19 66
19 70
19 86
19 95
19 101
19 105
19 107
19 129
19 130
19 148
19 155
19 157
19 170
19 194
19 200
19 205
19 221
19 227
19 260
19 263
19 273
20 26
20 34
20 42
20 43
20 52
20 54
20 77
20 84
20 91
20 95
20 99
20 100
20 114
20 120
20 123
20 133
20 140
20 160
20 172
20 173
20 177
20 180
20 181
20 183
20 196
20 199
20 210
20 213
20 235
20 248
20 261
20 280
20 281
20 285
21 30
21 40
21 51
21 53
21 62
21 67
21 72
21 76
21 96
21 101
21 124
21 136
21 162
21 172
21 178
21 180
21 184
21 199
21 200
21 205
21 211
21 221
21 222
21 230
21 233
21 238
21 243
21 246
21 252
21 269
21 276
21 281
21 284
21 285
21 290
21 295
21 299
21 300
22 29
22 43
22 44
22 88
22 101
22 139
22 147
22 149
22 167
22 174
22 184
22 189
22 194
22 213
22 230
22 261
22 271
22 278
22 289
22 297
23 24
23 29
23 36
23 46
23 47
23 50
23 58
23 59
23 60
23 63
23 69
23 76
23 77
23 79
23 85
23 87
23 88
23 89
23 90
23 94
23 95
23 96
23 97
23 98
23 99
23 102
23 106
23 120
23 123
23 124
23 130
23 140
23 143
23 145
23 150
23 152
23 154
23 159
23 160
23 161
23 164
23 168
23 173
23 180
23 181
23 183
23 184
23 188
23 189
23 191
23 195
23 198
23 202
23 215
23 222
23 231
23 232
23 234
23 237
23 238
23 240
23 244
23 255
23 256
23 263
23 267
23 268
23 269
23 270
23 271
23 272
23 273
23 276
23 277
23 287
23 289
23 290
23 296
23 300
24 26
24 31
24 45
24 51
24 61
24 66
24 69
24 82
24 84
24 86
24 92
24 96
24 97
24 99
24 103
24 105
24 111
24 115
24 127
24 135
24 140
24 143
24 144
24 146
24 153
24 156
24 180
24 182
24 188
24 191
24 192
24 199
24 204
24 227
24 230
24 245
24 246
24 251
24 258
24 260
24 273
24 276
24 282
25 41
25 57
25 60
25 62
25 69
25 73
25 74
25 77
25 78
25 79
25 92
25 94
25 97
25 104
25 105
25 106
25 110
25 111
25 112
25 114
25 127
25 133
25 138
25 140
25 143
25 144
25 146
25 149
25 152
25 161
25 164
25 169
25 175
25 183
25 186
25 190
25 191
25 193
25 198
25 204
25 209
25 215
25 218
25 230
25 237
25 241
25 244
25 246
25 248
25 251
25 252
25 262
25 268
25 277
25 278
25 289
25 290
25 297
25 298
26 48
26 52
26 55
26 58
26 65
26 66
26 69
26 70
26 74
26 81
26 84
26 87
26 92
26 93
26 97
26 99
26 103
26 110
26 114
26 115
26 118
26 131
26 140
26 144
26 145
26 148
26 153
26 160
26 170
26 173
26 197
26 200
26 205
26 215
26 218
26 226
26 249
26 250
26 251
26 256
26 260
26 265
26 267
26 270
26 280
26 284
26 292
26 294
26 295
27 55
27 59
27 62
27 65
27 66
27 69
27 71
27 78
27 85
27 87
27 90
27 93
27 95
27 99
27 103
27 107
27 108
27 122
27 125
27 144
27 148
27 152
27 164
27 171
27 177
27 216
27 217
27 226
27 232
27 234
27 235
27 239
27 243
27 249
27 252
27 256
27 263
27 270
27 280
27 286
27 296
28 39
28 46
28 60
28 61
28 80
28 106
28 111
28 119
28 120
28 136
28 138
28 141
28 144
28 148
28 157
28 159
28 160
28 173
28 175
28 178
28 183
28 185
28 186
28 193
28 196
28 201
28 215
28 219
28 230
28 238
28 247
28 260
28 287
28 296
28 297
28 300
29 39
29 60
29 62
29 69
29 79
29 81
29 96
29 97
29 105
29 106
29 115
29 116
29 118
29 136
29 144
29 146
29 148
29 160
29 161
29 162
29 180
29 190
29 191
29 193
29 195
29 202
29 222
29 225
29 244
29 248
29 249
29 256
29 259
29 260
29 287
29 289
30 31
30 38
30 40
30 48
30 53
30 56
30 59
30 62
30 64
30 69
30 70
30 76
30 93
30 98
30 101
30 105
30 107
30 117
30 119
30 126
30 140
30 145
30 150
30 153
30 170
30 180
30 186
30 204
30 218
30 232
30 239
30 240
30 244
30 251
30 263
30 270
30 284
31 33
31 41
31 51
31 55
31 56
31 58
31 59
31 60
31 61
31 63
31 64
31 65
31 68
31 69
31 75
31 82
31 85
31 95
31 96
31 98
31 102
31 105
31 108
31 113
31 121
31 129
31 130
31 134
31 140
31 144
31 160
31 161
31 169
31 173
31 175
31 177
31 180
31 191
31 198
31 202
31 203
31 204
31 214
31 223
31 230
31 232
31 251
31 256
31 264
31 265
31 266
31 269
31 272
31 277
31 280
31 290
31 295
31 296
32 45
32 51
32 64
32 81
32 93
32 114
32 127
32 134
32 140
32 144
32 159
32 169
32 177
32 178
32 189
32 199
32 208
32 220
32 238
32 239
32 292
33 35
33 40
33 43
33 55
33 59
33 61
33 62
33 69
33 80
33 92
33 93
33 94
33 95
33 98
33 105
33 119
33 120
33 136
33 144
33 147
33 155
33 160
33 164
33 169
33 184
33 194
33 206
33 218
33 226
33 227
33 236
33 260
33 282
33 286
33 294
34 46
34 49
34 57
34 60
34 69
34 77
34 85
34 99
34 106
34 110
34 112
34 118
34 124
34 131
34 139
34 140
34 144
34 159
34 164
34 174
34 184
34 200
34 203
34 226
34 227
34 237
34 244
34 256
34 265
34 273
34 276
34 278
34 280
34 299
35 44
35 46
35 47
35 61
35 62
35 69
35 72
35 77
35 92
35 98
35 104
35 105
35 112
35 124
35 127
35 134
35 136
35 140
35 144
35 146
35 155
35 161
35 164
35 167
35 173
35 185
35 191
35 193
35 199
35 206
35 218
35 227
35 232
35 245
35 246
35 253
35 259
35 261
35 281
35 284
35 285
35 286
35 288
35 290
35 295
35 296
36 47
36 58
36 60
36 61
36 62
36 63
36 69
36 80
36 83
36 84
36 89
36 95
36 105
36 107
36 112
36 114
36 131
36 135
36 137
36 140
36 142
36 144
36 147
36 161
36 179
36 186
36 191
36 195
36 202
36 206
36 230
36 243
36 251
36 253
36 258
36 265
36 271
36 282
36 293
36 295
36 297
37 44
37 47
37 50
37 86
37 104
37 131
37 139
37 140
37 141
37 153
37 162
37 181
37 205
37 217
37 236
37 242
37 256
37 261
37 265
37 268
37 279
37 280
38 39
38 47
38 58
38 59
38 60
38 61
38 62
38 69
38 83
38 84
38 88
38 91
38 94
38 95
38 97
38 104
38 105
38 106
38 112
38 118
38 119
38 129
38 136
38 139
38 140
38 144
38 145
38 149
38 153
38 158
38 160
38 161
38 162
38 172
38 174
38 175
38 180
38 181
38 184
38 191
38 193
38 197
38 198
38 199
38 203
38 204
38 207
38 224
38 230
38 235
38 237
38 241
38 244
38 251
38 253
38 254
38 259
38 261
38 263
38 265
38 268
38 271
38 272
38 273
38 277
38 280
38 282
38 285
38 287
38 289
38 290
38 291
38 292
38 295
39 63
39 71
39 81
39 95
39 100
39 101
39 103
39 108
39 114
39 116
39 117
39 153
39 162
39 166
39 170
39 189
39 194
39 198
39 222
39 238
39 239
39 241
39 243
39 247
39 249
39 252
39 266
39 267
39 269
39 279
39 292
39 296
39 300
40 51
40 54
40 59
40 63
40 66
40 69
40 78
40 92
40 103
40 105
40 132
40 140
40 147
40 201
40 207
40 213
40 218
40 233
40 234
40 238
40 252
40 256
40 261
40 286
41 42
41 43
41 57
41 62
41 64
41 65
41 69
41 74
41 81
41 94
41 97
41 104
41 105
41 106
41 112
41 136
41 140
41 144
41 161
41 167
41 168
41 173
41 175
41 178
41 190
41 191
41 197
41 199
41 200
41 210
41 213
41 216
41 224
41 239
41 241
41 244
41 245
41 258
41 261
41 263
41 271
41 279
41 282
41 285
41 286
41 287
41 290
41 294
41 295
42 62
42 69
42 78
42 79
42 85
42 90
42 97
42 106
42 109
42 113
42 123
42 139
42 164
42 167
42 169
42 172
42 174
42 177
42 179
42 183
42 186
42 193
42 194
42 200
42 208
42 215
42 216
42 221
42 223
42 231
42 232
42 234
42 238
42 242
42 244
42 261
42 263
42 266
42 272
42 276
42 280
42 287
42 290
42 293
43 45
43 54
43 66
43 74
43 77
43 83
43 142
43 145
43 159
43 160
43 175
43 184
43 222
43 225
43 231
43 269
43 280
43 282
43 285
43 294
44 46
44 56
44 68
44 89
44 107
44 109
44 112
44 156
44 159
44 161
44 169
44 180
44 188
44 202
44 209
44 252
44 269
44 277
44 293
45 48
45 54
45 67
45 74
45 82
45 87
45 116
45 125
45 147
45 156
45 160
45 171
45 183
45 185
45 188
45 189
45 201
45 203
45 210
45 212
45 213
45 220
45 222
45 236
45 237
45 239
45 255
45 256
45 259
45 261
45 262
45 268
45 273
45 276
45 280
45 284
45 289
45 300
46 51
46 55
46 69
46 72
46 86
46 88
46 92
46 97
46 102
46 134
46 143
46 145
46 155
46 164
46 197
46 205
46 216
46 219
46 220
46 239
46 259
46 264
46 269
46 286
47 55
47 59
47 62
47 69
47 77
47 79
47 81
47 82
47 84
47 88
47 90
47 94
47 96
47 97
47 98
47 99
47 105
47 106
47 111
47 125
47 129
47 136
47 137
47 144
47 146
47 153
47 163
47 173
47 181
47 185
47 191
47 202
47 204
47 209
47 220
47 226
47 230
47 233
47 241
47 242
47 244
47 248
47 249
47 251
47 253
47 261
47 277
47 282
47 284
47 285
47 286
47 287
47 292
47 295
48 54
48 59
48 62
48 69
48 81
48 90
48 94
48 140
48 142
48 160
48 170
48 177
48 187
48 188
48 190
48 209
48 222
48 227
48 231
48 236
48 237
48 239
48 244
48 254
48 255
48 260
48 262
48 269
48 270
48 276
48 280
48 283
48 290
48 300
49 80
49 91
49 94
49 106
49 125
49 150
49 159
49 171
49 179
49 184
49 188
49 199
49 253
49 255
49 262
49 268
49 272
49 283
49 286
49 299
50 51
50 59
50 64
50 65
50 70
50 86
50 87
50 95
50 103
50 116
50 119
50 143
50 147
50 152
50 156
50 161
50 163
50 171
50 174
50 179
50 202
50 203
50 217
50 218
50 235
50 256
50 261
50 267
50 276
50 286
50 294
51 52
51 59
51 67
51 69
51 70
51 71
51 81
51 82
51 84
51 87
51 97
51 101
51 107
51 108
51 112
51 136
51 139
51 153
51 156
51 172
51 175
51 182
51 183
51 194
51 201
51 212
51 215
51 216
51 218
51 220
51 228
51 233
51 236
51 239
51 240
51 241
51 245
51 247
51 255
51 256
51 269
51 270
51 280
51 284
51 292
52 56
52 67
52 69
52 70
52 78
52 80
52 89
52 98
52 120
52 121
52 123
52 127
52 130
52 131
52 137
52 142
52 148
52 149
52 150
52 151
52 152
52 155
52 178
52 179
52 182
52 186
52 194
52 198
52 212
52 215
52 229
52 251
52 253
52 257
52 273
52 274
52 276
52 281
52 287
52 288
52 297
53 59
53 79
53 83
53 86
53 94
53 96
53 101
53 113
53 116
53 125
53 128
53 144
53 174
53 176
53 198
53 208
53 213
53 224
53 230
53 233
53 240
53 249
53 252
53 290
54 66
54 84
54 86
54 113
54 122
54 126
54 133
54 145
54 152
54 159
54 174
54 177
54 180
54 190
54 215
54 222
54 229
54 233
54 236
54 256
54 258
54 273
54 282
54 284
54 285
54 289
55 59
55 60
55 62
55 70
55 73
55 81
55 90
55 92
55 94
55 101
55 105
55 117
55 119
55 129
55 161
55 189
55 200
55 204
55 213
55 215
55 229
55 235
55 236
55 243
55 248
55 253
55 256
55 261
55 264
55 272
55 286
56 67
56 71
56 77
56 81
56 87
56 88
56 99
56 104
56 105
56 128
56 139
56 140
56 143
56 162
56 171
56 190
56 204
56 210
56 227
56 233
56 236
56 239
56 250
56 255
56 262
56 266
56 267
56 270
56 287
56 288
56 292
56 293
56 294
56 298
57 59
57 61
57 62
57 67
57 70
57 85
57 87
57 96
57 98
57 99
57 116
57 137
57 144
57 148
57 157
57 165
57 171
57 172
57 177
57 179
57 192
57 201
57 215
57 221
57 226
57 228
57 229
57 236
57 237
57 239
57 240
57 244
57 250
57 258
57 261
57 270
57 271
57 279
57 280
57 287
57 288
57 297
58 59
58 62
58 63
58 65
58 68
58 69
58 70
58 87
58 94
58 96
58 107
58 109
58 140
58 143
58 144
58 154
58 159
58 177
58 180
58 190
58 193
58 197
58 199
58 207
58 214
58 216
58 220
58 221
58 227
58 232
58 233
58 237
58 239
58 240
58 244
58 267
58 270
58 277
58 278
58 287
58 293
58 296
58 297
59 60
59 61
59 62
59 65
59 67
59 69
59 70
59 72
59 73
59 80
59 82
59 85
59 87
59 88
59 91
59 94
59 95
59 97
59 99
59 107
59 113
59 115
59 116
59 118
59 119
59 120
59 125
59 126
59 129
59 130
59 136
59 137
59 139
59 140
59 143
59 144
59 145
59 147
59 149
59 151
59 152
59 155
59 158
59 173
59 178
59 180
59 182
59 189
59 191
59 202
59 203
59 204
59 207
59 215
59 216
59 220
59 221
59 226
59 227
59 229
59 232
59 233
59 234
59 235
59 236
59 238
59 239
59 240
59 241
59 243
59 244
59 245
59 249
59 250
59 251
59 256
59 259
59 263
59 267
59 268
59 270
59 271
59 273
59 277
59 280
59 286
59 287
59 289
59 293
59 297
59 299
60 61
60 62
60 64
60 65
60 69
60 70
60 81
60 85
60 89
60 94
60 99
60 110
60 112
60 115
60 119
60 126
60 136
60 138
60 140
60 148
60 150
60 172
60 173
60 180
60 191
60 199
60 209
60 213
60 215
60 216
60 219
60 225
60 234
60 235
60 236
60 237
60 239
60 242
60 243
60 244
60 248
60 252
60 253
60 274
60 277
60 284
60 285
60 287
60 289
60 295
61 62
61 63
61 65
61 69
61 79
61 83
61 92
61 94
61 95
61 97
61 98
61 103
61 104
61 105
61 106
61 111
61 112
61 130
61 134
61 136
61 140
61 142
61 143
61 144
61 146
61 153
61 160
61 161
61 164
61 171
61 172
61 173
61 175
61 177
61 178
61 186
61 188
61 190
61 191
61 199
61 200
61 202
61 204
61 229
61 230
61 232
61 244
61 246
61 248
61 251
61 252
61 253
61 259
61 261
61 265
61 267
61 269
61 270
61 271
61 273
61 276
61 277
61 278
61 281
61 282
61 285
61 286
61 287
61 290
61 292
61 294
61 295
62 63
62 64
62 65
62 69
62 70
62 77
62 79
62 81
62 82
62 83
62 84
62 85
62 88
62 89
62 91
62 92
62 94
62 95
62 96
62 97
62 98
62 99
62 103
62 104
62 105
62 106
62 112
62 125
62 127
62 129
62 130
62 136
62 138
62 139
62 140
62 143
62 144
62 146
62 148
62 152
62 153
62 155
62 156
62 158
62 160
62 161
62 164
62 168
62 169
62 170
62 173
62 175
62 177
62 178
62 180
62 184
62 188
62 191
62 193
62 198
62 199
62 200
62 202
62 203
62 204
62 207
62 213
62 215
62 216
62 221
62 229
62 230
62 231
62 232
62 233
62 237
62 238
62 239
62 240
62 241
62 242
62 244
62 248
62 251
62 253
62 254
62 255
62 259
62 260
62 261
62 265
62 267
62 268
62 269
62 270
62 272
62 273
62 277
62 279
62 280
62 282
62 285
62 286
62 287
62 289
62 291
62 293
62 294
62 295
62 298
62 300
63 67
63 69
63 79
63 84
63 91
63 94
63 97
63 98
63 101
63 105
63 106
63 119
63 124
63 126
63 129
63 140
63 141
63 142
63 144
63 149
63 151
63 170
63 175
63 177
63 180
63 185
63 191
63 198
63 202
63 203
63 206
63 207
63 221
63 222
63 228
63 230
63 232
63 234
63 235
63 239
63 251
63 257
63 260
63 263
63 267
63 270
63 277
63 287
63 296
64 67
64 70
64 83
64 90
64 96
64 97
64 98
64 109
64 137
64 148
64 151
64 179
64 182
64 194
64 198
64 208
64 212
64 213
64 242
64 252
64 255
64 272
64 282
64 289
65 69
65 72
65 74
65 79
65 84
65 87
65 94
65 95
65 99
65 102
65 103
65 107
65 110
65 112
65 122
65 125
65 134
65 135
65 139
65 140
65 143
65 144
65 146
65 148
65 156
65 161
65 173
65 180
65 190
65 197
65 198
65 212
65 233
65 235
65 244
65 251
65 256
65 267
65 270
65 280
65 296
65 299
66 69
66 70
66 81
66 85
66 86
66 113
66 132
66 138
66 146
66 147
66 157
66 170
66 172
66 185
66 190
66 204
66 205
66 210
66 217
66 219
66 221
66 251
66 262
66 267
66 288
67 71
67 76
67 82
67 83
67 104
67 144
67 158
67 169
67 170
67 177
67 192
67 232
67 237
67 241
67 242
67 257
67 268
67 269
67 289
67 293
68 76
68 90
68 124
68 125
68 131
68 143
68 144
68 163
68 164
68 167
68 168
68 174
68 184
68 187
68 193
68 194
68 209
68 229
68 235
68 245
68 249
68 252
68 255
68 267
68 273
68 290
69 70
69 71
69 72
69 77
69 79
69 81
69 84
69 85
69 87
69 88
69 90
69 91
69 92
69 94
69 95
69 96
69 97
69 98
69 99
69 104
69 105
69 106
69 111
69 112
69 118
69 120
69 122
69 123
69 124
69 125
69 127
69 129
69 134
69 136
69 139
69 140
69 141
69 143
69 144
69 145
69 146
69 148
69 152
69 153
69 155
69 156
69 158
69 160
69 161
69 164
69 168
69 169
69 171
69 172
69 173
69 175
69 177
69 178
69 180
69 181
69 184
69 189
69 190
69 191
69 193
69 196
69 198
69 199
69 200
69 202
69 203
69 204
69 207
69 213
69 215
69 216
69 218
69 220
69 221
69 225
69 229
69 230
69 231
69 232
69 233
69 234
69 236
69 238
69 239
69 240
69 241
69 242
69 243
69 244
69 246
69 248
69 249
69 251
69 253
69 255
69 259
69 261
69 265
69 267
69 269
69 270
69 271
69 272
69 273
69 276
69 277
69 278
69 282
69 285
69 286
69 287
69 289
69 290
69 292
69 293
69 294
69 295
69 296
69 298
69 299
70 71
70 77
70 79
70 80
70 82
70 85
70 87
70 88
70 90
70 94
70 99
70 101
70 120
70 129
70 137
70 143
70 157
70 177
70 180
70 190
70 191
70 193
70 202
70 203
70 204
70 216
70 220
70 224
70 227
70 232
70 233
70 236
70 237
70 239
70 240
70 241
70 242
70 243
70 244
70 246
70 250
70 251
70 253
70 255
70 260
70 263
70 267
70 268
70 270
70 277
70 280
70 282
70 285
70 288
70 289
70 295
70 298
71 73
71 74
71 81
71 92
71 96
71 98
71 102
71 149
71 155
71 157
71 167
71 168
71 207
71 228
71 282
71 290
72 77
72 78
72 85
72 87
72 88
72 89
72 94
72 101
72 116
72 124
72 126
72 130
72 133
72 138
72 145
72 151
72 162
72 184
72 199
72 201
72 244
72 248
72 251
72 258
72 268
72 270
72 271
72 275
72 277
72 280
72 282
72 287
72 288
72 296
72 297
72 298
73 102
73 103
73 112
73 121
73 126
73 129
73 148
73 165
73 168
73 190
73 197
73 200
73 204
73 241
73 242
73 250
73 277
73 278
74 81
74 87
74 91
74 92
74 96
74 126
74 130
74 132
74 144
74 153
74 159
74 201
74 207
74 225
74 229
74 257
74 282
74 285
74 288
74 297
74 299
75 76
75 82
75 84
75 89
75 105
75 107
75 112
75 143
75 148
75 150
75 157
75 194
75 204
75 209
75 220
75 233
75 235
75 237
75 247
75 251
75 254
75 256
75 261
75 264
75 265
75 271
75 272
75 273
75 284
76 88
76 102
76 106
76 124
76 143
76 162
76 165
76 180
76 183
76 202
76 229
76 234
76 247
76 255
76 265
76 281
77 84
77 91
77 92
77 94
77 118
77 126
77 130
77 136
77 140
77 142
77 143
77 144
77 145
77 160
77 161
77 168
77 171
77 182
77 184
77 185
77 191
77 196
77 200
77 205
77 206
77 207
77 215
77 216
77 224
77 225
77 234
77 237
77 240
77 244
77 247
77 248
77 253
77 255
77 259
77 264
77 268
77 269
77 271
77 272
77 278
77 282
77 283
77 286
77 287
77 289
77 290
77 295
77 296
77 300
78 88
78 98
78 121
78 127
78 128
78 161
78 168
78 177
78 184
78 191
78 200
78 203
78 211
78 213
78 216
78 219
78 225
78 279
78 295
78 300
79 82
79 84
79 94
79 97
79 102
79 105
79 106
79 112
79 140
79 141
79 143
79 144
79 149
79 153
79 155
79 161
79 166
79 175
79 176
79 178
79 188
79 191
79 192
79 204
79 206
79 224
79 225
79 226
79 230
79 241
79 242
79 244
79 246
79 261
79 271
79 272
79 282
79 290
80 104
80 117
80 118
80 119
80 122
80 129
80 131
80 133
80 134
80 185
80 190
80 198
80 202
80 206
80 214
80 224
80 240
80 253
80 254
80 260
80 271
80 275
80 281
81 83
81 87
81 91
81 94
81 97
81 98
81 101
81 104
81 105
81 106
81 108
81 112
81 117
81 118
81 119
81 127
81 134
81 137
81 138
81 140
81 141
81 142
81 143
81 144
81 146
81 147
81 160
81 161
81 167
81 175
81 182
81 191
81 197
81 199
81 200
81 210
81 218
81 222
81 228
81 230
81 233
81 235
81 236
81 245
81 250
81 251
81 255
81 256
81 257
81 259
81 261
81 262
81 265
81 268
81 269
81 273
81 280
81 282
81 285
81 292
81 294
81 295
82 84
82 95
82 98
82 119
82 120
82 161
82 184
82 186
82 189
82 201
82 208
82 211
82 213
82 218
82 220
82 227
82 230
82 233
82 238
82 239
82 242
82 245
82 270
82 280
82 292
82 296
83 84
83 89
83 91
83 93
83 103
83 136
83 138
83 142
83 146
83 153
83 161
83 164
83 182
83 191
83 198
83 212
83 217
83 232
83 235
83 241
83 248
83 251
83 253
83 255
83 265
83 268
83 281
83 282
83 287
83 289
83 292
83 294
84 92
84 96
84 97
84 105
84 106
84 111
84 112
84 118
84 119
84 123
84 140
84 143
84 144
84 146
84 148
84 153
84 156
84 158
84 160
84 161
84 163
84 169
84 171
84 175
84 178
84 191
84 192
84 200
84 202
84 207
84 218
84 225
84 227
84 228
84 229
84 230
84 234
84 237
84 241
84 242
84 244
84 245
84 246
84 251
84 253
84 265
84 267
84 278
84 290
84 295
84 296
85 99
85 100
85 101
85 111
85 112
85 120
85 137
85 144
85 160
85 173
85 186
85 188
85 191
85 199
85 200
85 209
85 215
85 217
85 219
85 223
85 230
85 240
85 244
85 251
85 259
85 261
85 270
85 271
85 276
85 282
85 294
85 298
86 87
86 99
86 112
86 115
86 116
86 122
86 136
86 150
86 153
86 160
86 164
86 168
86 171
86 180
86 228
86 259
86 261
86 268
86 270
86 273
86 290
86 292
87 88
87 94
87 100
87 109
87 119
87 134
87 142
87 143
87 145
87 146
87 147
87 150
87 155
87 163
87 171
87 174
87 188
87 201
87 204
87 205
87 207
87 209
87 215
87 216
87 220
87 222
87 227
87 233
87 234
87 236
87 237
87 239
87 240
87 242
87 243
87 244
87 248
87 255
87 260
87 262
87 263
87 266
87 267
87 268
87 270
87 271
87 272
87 277
87 278
87 280
87 282
87 284
87 289
87 290
87 291
87 299
87 300
88 91
88 99
88 106
88 110
88 129
88 138
88 139
88 140
88 144
88 145
88 150
88 153
88 155
88 161
88 175
88 191
88 200
88 204
88 208
88 216
88 225
88 226
88 227
88 232
88 233
88 236
88 237
88 239
88 242
88 244
88 248
88 251
88 260
88 261
88 269
88 270
88 282
88 285
88 287
88 290
88 291
88 293
89 93
89 99
89 103
89 111
89 121
89 147
89 177
89 186
89 217
89 223
89 226
89 234
89 255
89 258
89 262
89 265
89 281
89 283
89 290
89 293
89 295
90 93
90 95
90 97
90 106
90 115
90 133
90 134
90 139
90 143
90 161
90 176
90 177
90 191
90 193
90 194
90 209
90 215
90 240
90 254
90 255
90 261
90 263
90 273
90 285
90 287
90 296
91 97
91 102
91 104
91 105
91 106
91 123
91 134
91 136
91 138
91 139
91 140
91 142
91 144
91 153
91 175
91 184
91 191
91 197
91 199
91 204
91 225
91 241
91 244
91 248
91 251
91 252
91 253
91 261
91 264
91 265
91 270
91 287
91 295
92 105
92 107
92 109
92 118
92 124
92 126
92 131
92 133
92 140
92 144
92 145
92 146
92 154
92 161
92 175
92 179
92 190
92 191
92 197
92 210
92 218
92 223
92 234
92 240
92 241
92 244
92 247
92 250
92 253
92 257
92 262
92 268
92 274
92 294
92 298
93 111
93 121
93 125
93 147
93 162
93 163
93 177
93 178
93 213
93 222
93 232
93 234
93 237
93 244
93 272
93 277
93 297
94 96
94 97
94 98
94 105
94 106
94 107
94 111
94 117
94 129
94 136
94 140
94 143
94 144
94 145
94 146
94 147
94 150
94 152
94 153
94 155
94 156
94 160
94 161
94 164
94 165
94 171
94 173
94 175
94 180
94 184
94 187
94 190
94 191
94 198
94 200
94 202
94 204
94 206
94 209
94 216
94 217
94 220
94 225
94 227
94 229
94 230
94 231
94 232
94 233
94 234
94 239
94 240
94 241
94 242
94 244
94 248
94 251
94 253
94 261
94 267
94 268
94 270
94 271
94 273
94 277
94 282
94 285
94 286
94 287
94 290
94 293
94 295
95 97
95 98
95 105
95 106
95 124
95 140
95 143
95 144
95 146
95 177
95 180
95 181
95 183
95 199
95 204
95 214
95 215
95 224
95 225
95 231
95 235
95 239
95 255
95 257
95 269
95 286
95 287
95 295
96 112
96 122
96 134
96 136
96 140
96 144
96 153
96 154
96 158
96 159
96 161
96 165
96 175
96 183
96 191
96 195
96 199
96 203
96 204
96 211
96 222
96 227
96 229
96 230
96 238
96 241
96 244
96 246
96 247
96 253
96 255
96 259
96 269
96 271
96 272
96 282
96 285
96 286
96 290
97 98
97 103
97 104
97 105
97 106
97 112
97 120
97 123
97 124
97 131
97 132
97 134
97 136
97 140
97 141
97 143
97 144
97 146
97 153
97 155
97 161
97 164
97 165
97 168
97 173
97 175
97 177
97 179
97 181
97 184
97 191
97 193
97 199
97 200
97 202
97 204
97 207
97 209
97 220
97 222
97 224
97 225
97 229
97 230
97 234
97 236
97 238
97 241
97 244
97 245
97 248
97 251
97 261
97 269
97 270
97 271
97 272
97 273
97 276
97 282
97 285
97 286
97 290
97 292
97 294
97 295
98 105
98 106
98 110
98 112
98 115
98 120
98 123
98 128
98 131
98 136
98 140
98 144
98 153
98 159
98 161
98 167
98 168
98 176
98 179
98 184
98 191
98 194
98 196
98 197
98 215
98 218
98 225
98 226
98 229
98 230
98 236
98 251
98 259
98 262
98 265
98 269
98 272
98 282
98 285
98 290
98 292
98 295
99 101
99 103
99 116
99 125
99 135
99 152
99 173
99 176
99 192
99 202
99 214
99 215
99 221
99 226
99 232
99 233
99 238
99 240
99 244
99 251
99 253
99 254
99 260
99 270
99 275
99 276
99 286
99 288
99 291
99 292
99 297
100 128
100 138
100 139
100 142
100 146
100 153
100 190
100 204
100 218
100 221
100 223
100 230
100 247
100 251
100 276
100 278
100 279
100 280
100 282
100 288
101 105
101 107
101 115
101 116
101 134
101 135
101 136
101 140
101 142
101 144
101 146
101 147
101 153
101 155
101 163
101 174
101 175
101 182
101 186
101 197
101 199
101 201
101 214
101 215
101 220
101 222
101 223
101 229
101 230
101 233
101 237
101 238
101 239
101 240
101 245
101 255
101 258
101 262
101 269
101 280
101 291
101 292
101 294
102 125
102 126
102 128
102 131
102 137
102 154
102 163
102 187
102 198
102 199
102 201
102 210
102 213
102 219
102 234
102 236
102 238
102 263
102 266
102 269
102 271
102 299
103 107
103 110
103 122
103 127
103 134
103 135
103 156
103 160
103 166
103 171
103 172
103 175
103 192
103 193
103 205
103 207
103 224
103 227
103 257
103 258
103 271
103 298
104 105
104 106
104 111
104 112
104 114
104 121
104 126
104 131
104 136
104 137
104 140
104 142
104 143
104 144
104 146
104 149
104 153
104 161
104 174
104 175
104 183
104 184
104 188
104 191
104 193
104 199
104 229
104 230
104 241
104 243
104 244
104 251
104 256
104 259
104 261
104 265
104 273
104 284
104 290
104 292
104 295
104 298
105 106
105 112
105 113
105 120
105 121
105 122
105 134
105 136
105 140
105 142
105 143
105 144
105 150
105 152
105 153
105 160
105 161
105 163
105 164
105 168
105 171
105 175
105 180
105 183
105 186
105 191
105 193
105 199
105 202
105 216
105 220
105 221
105 223
105 230
105 241
105 244
105 245
105 246
105 248
105 251
105 255
105 257
105 259
105 261
105 264
105 265
105 272
105 276
105 282
105 285
105 286
105 287
105 288
105 290
105 292
105 295
106 107
106 112
106 119
106 126
106 127
106 132
106 136
106 140
106 142
106 144
106 145
106 153
106 155
106 160
106 161
106 164
106 168
106 175
106 179
106 183
106 191
106 193
106 194
106 201
106 203
106 213
106 216
106 230
106 241
106 244
106 253
106 261
106 267
106 268
106 269
106 271
106 272
106 282
106 285
106 293
107 111
107 116
107 118
107 122
107 128
107 130
107 132
107 147
107 149
107 165
107 172
107 175
107 177
107 188
107 222
107 233
107 239
107 243
107 245
107 270
107 277
107 280
107 281
107 286
107 292
108 131
108 157
108 160
108 163
108 187
108 190
108 191
108 199
108 208
108 222
108 232
108 233
108 238
108 239
108 244
108 259
108 266
108 277
109 124
109 127
109 133
109 156
109 167
109 184
109 198
109 207
109 213
109 216
109 232
109 234
109 244
109 263
109 264
109 280
109 290
109 294
109 299
110 124
110 139
110 141
110 155
110 161
110 165
110 167
110 172
110 212
110 213
110 224
110 230
110 243
110 283
110 284
111 112
111 113
111 120
111 122
111 125
111 140
111 144
111 147
111 153
111 161
111 175
111 177
111 178
111 179
111 198
111 199
111 212
111 216
111 224
111 226
111 229
111 230
111 232
111 233
111 234
111 239
111 240
111 243
111 244
111 246
111 254
111 260
111 261
111 271
111 272
111 273
111 278
111 282
111 292
111 295
112 126
112 129
112 136
112 140
112 143
112 144
112 146
112 152
112 154
112 160
112 173
112 175
112 183
112 191
112 193
112 197
112 199
112 200
112 205
112 206
112 212
112 218
112 222
112 223
112 228
112 230
112 233
112 238
112 239
112 243
112 244
112 251
112 253
112 254
112 256
112 258
112 259
112 262
112 265
112 273
112 276
112 278
112 284
112 285
112 290
112 292
112 295
113 129
113 144
113 179
113 190
113 199
113 209
113 247
113 250
113 256
113 261
113 268
113 275
114 126
114 136
114 150
114 153
114 155
114 156
114 157
114 158
114 173
114 191
114 193
114 198
114 199
114 215
114 230
114 231
114 246
114 247
114 279
114 280
114 282
114 296
115 116
115 124
115 136
115 149
115 166
115 171
115 176
115 181
115 185
115 191
115 232
115 234
115 236
115 240
115 243
115 247
115 252
115 269
115 274
115 277
115 282
115 283
116 127
116 142
116 149
116 163
116 175
116 176
116 178
116 183
116 192
116 197
116 198
116 228
116 245
116 269
117 146
117 156
117 203
117 204
117 210
117 212
117 214
117 228
117 233
117 240
117 251
117 263
117 276
117 291
118 131
118 132
118 140
118 150
118 154
118 190
118 191
118 200
118 212
118 222
118 224
118 234
118 249
118 259
118 268
118 271
118 273
118 284
118 292
119 127
119 132
119 146
119 149
119 155
119 163
119 167
119 168
119 174
119 180
119 184
119 185
119 191
119 192
119 197
119 199
119 201
119 202
119 206
119 225
119 229
119 234
119 240
119 245
119 256
119 260
119 268
119 271
119 279
119 290
120 129
120 140
120 144
120 146
120 152
120 153
120 163
120 169
120 178
120 180
120 191
120 198
120 204
120 212
120 218
120 219
120 234
120 236
120 237
120 238
120 244
120 263
120 270
120 297
121 124
121 128
121 130
121 136
121 140
121 152
121 153
121 156
121 172
121 179
121 181
121 186
121 201
121 232
121 244
121 251
121 256
121 261
121 266
121 281
121 285
122 127
122 129
122 140
122 143
122 146
122 164
122 175
122 191
122 218
122 227
122 241
122 244
122 249
122 262
122 276
122 295
123 138
123 162
123 170
123 173
123 188
123 190
123 199
123 205
123 210
123 225
123 229
123 234
123 243
123 250
123 271
123 275
123 276
123 286
123 290
124 126
124 136
124 144
124 149
124 158
124 161
124 165
124 180
124 183
124 216
124 234
124 236
124 243
124 244
124 270
124 272
124 274
124 282
124 283
124 286
124 291
125 136
125 138
125 139
125 140
125 144
125 147
125 151
125 153
125 154
125 163
125 172
125 175
125 179
125 199
125 201
125 239
125 246
125 249
125 250
125 252
125 273
125 275
125 294
126 134
126 139
126 140
126 162
126 192
126 198
126 206
126 215
126 237
126 240
126 241
126 252
126 256
126 257
126 278
126 281
126 287
126 295
127 146
127 157
127 165
127 175
127 178
127 188
127 194
127 204
127 206
127 221
127 233
127 240
127 245
127 257
127 273
127 279
127 288
127 289
128 156
128 174
128 187
128 191
128 198
128 200
128 229
128 252
128 268
128 291
129 134
129 140
129 145
129 159
129 168
129 184
129 191
129 201
129 206
129 213
129 214
129 232
129 234
129 240
129 244
129 251
129 257
129 261
129 270
129 271
129 272
129 277
129 282
129 285
129 290
129 291
129 298
129 299
130 137
130 145
130 151
130 163
130 218
130 223
130 230
130 232
130 253
130 269
130 272
130 277
130 286
131 148
131 161
131 164
131 174
131 191
131 192
131 194
131 204
131 208
131 226
131 237
131 242
131 244
131 250
131 252
131 260
131 263
131 269
131 275
131 278
131 280
131 290
131 294
131 300
132 159
132 161
132 162
132 171
132 180
132 183
132 185
132 205
132 222
132 238
132 251
132 265
132 271
132 274
132 290
132 298
133 145
133 151
133 159
133 174
133 178
133 228
133 234
133 238
133 241
133 243
133 265
133 269
133 273
133 279
133 283
133 295
133 297
133 299
134 135
134 137
134 140
134 143
134 148
134 160
134 161
134 162
134 164
134 203
134 244
134 247
134 251
134 255
134 256
134 292
134 295
135 139
135 144
135 148
135 171
135 192
135 202
135 212
135 221
135 252
135 259
135 268
135 273
135 291
135 294
135 297
136 139
136 140
136 143
136 144
136 146
136 152
136 153
136 159
136 160
136 161
136 164
136 173
136 175
136 176
136 178
136 184
136 185
136 191
136 193
136 199
136 200
136 206
136 207
136 212
136 216
136 224
136 225
136 230
136 231
136 232
136 235
136 237
136 240
136 241
136 242
136 244
136 245
136 248
136 251
136 253
136 259
136 261
136 266
136 267
136 268
136 269
136 271
136 273
136 282
136 285
136 286
136 289
136 290
136 293
136 294
136 295
137 158
137 167
137 179
137 180
137 189
137 190
137 226
137 228
137 236
137 250
137 257
137 262
137 267
137 278
137 282
137 292
137 293
138 153
138 156
138 161
138 175
138 182
138 184
138 191
138 195
138 202
138 221
138 222
138 223
138 231
138 236
138 239
138 268
138 285
138 286
138 290
138 297
139 143
139 157
139 160
139 175
139 176
139 177
139 182
139 183
139 189
139 209
139 224
139 231
139 244
139 246
139 252
139 253
139 273
139 287
139 297
140 143
140 144
140 145
140 146
140 148
140 152
140 153
140 155
140 160
140 161
140 164
140 167
140 169
140 171
140 173
140 175
140 177
140 178
140 179
140 180
140 181
140 184
140 188
140 191
140 193
140 199
140 200
140 202
140 204
140 212
140 216
140 218
140 223
140 227
140 228
140 229
140 230
140 232
140 234
140 240
140 241
140 243
140 244
140 246
140 247
140 251
140 253
140 258
140 259
140 261
140 265
140 266
140 267
140 270
140 271
140 272
140 273
140 277
140 281
140 282
140 285
140 286
140 287
140 290
140 292
140 293
140 295
140 299
140 300
141 143
141 160
141 164
141 167
141 185
141 202
141 207
141 223
141 226
141 232
141 233
141 240
141 244
141 253
141 256
141 257
141 271
141 277
141 285
142 145
142 152
142 161
142 166
142 170
142 196
142 206
142 208
142 213
142 216
142 217
142 228
142 241
142 250
142 253
142 255
142 265
142 267
142 270
142 280
143 144
143 153
143 154
143 155
143 161
143 162
143 163
143 175
143 177
143 183
143 195
143 200
143 204
143 216
143 230
143 232
143 237
143 240
143 241
143 244
143 246
143 248
143 249
143 253
143 261
143 270
143 272
143 281
143 282
143 285
143 287
143 289
143 290
143 294
144 151
144 152
144 153
144 155
144 156
144 160
144 161
144 164
144 167
144 169
144 171
144 173
144 175
144 178
144 180
144 190
144 191
144 193
144 197
144 199
144 200
144 202
144 203
144 204
144 209
144 216
144 225
144 230
144 231
144 232
144 233
144 234
144 237
144 241
144 243
144 244
144 246
144 248
144 249
144 251
144 253
144 259
144 261
144 265
144 272
144 276
144 277
144 282
144 285
144 286
144 287
144 288
144 290
144 293
144 294
144 295
145 149
145 150
145 153
145 156
145 177
145 180
145 182
145 185
145 189
145 191
145 198
145 199
145 210
145 211
145 213
145 215
145 219
145 220
145 229
145 232
145 234
145 240
145 244
145 246
145 251
145 253
145 255
145 270
145 273
145 276
145 277
145 280
145 286
145 287
145 293
145 295
145 296
146 148
146 152
146 158
146 161
146 164
146 167
146 168
146 175
146 178
146 179
146 182
146 183
146 184
146 190
146 191
146 204
146 213
146 218
146 224
146 229
146 230
146 234
146 244
146 246
146 261
146 265
146 271
146 281
146 282
146 285
146 286
146 290
146 292
146 295
146 300
147 166
147 171
147 192
147 198
147 204
147 206
147 208
147 217
147 234
147 245
147 269
147 270
148 151
148 165
148 176
148 178
148 181
148 191
148 198
148 203
148 205
148 214
148 223
148 227
148 235
148 241
148 242
148 244
148 251
148 287
148 288
148 296
148 297
149 152
149 165
149 168
149 213
149 214
149 219
149 221
149 223
149 241
149 259
149 262
149 300
150 180
150 186
150 188
150 215
150 260
150 264
150 271
150 285
150 292
150 293
150 298
150 300
151 165
151 166
151 185
151 217
151 225
151 228
151 231
151 248
151 249
151 263
151 264
152 161
152 177
152 178
152 197
152 202
152 209
152 236
152 237
152 238
152 253
152 261
152 265
152 266
152 273
152 290
152 298
153 165
153 175
153 178
153 181
153 187
153 191
153 200
153 207
153 210
153 220
153 229
153 230
153 236
153 239
153 241
153 244
153 246
153 248
153 261
153 265
153 273
153 276
153 291
153 295
154 159
154 175
154 185
154 191
154 192
154 222
154 226
154 227
154 236
154 246
154 270
155 157
155 175
155 176
155 177
155 196
155 198
155 202
155 204
155 213
155 215
155 220
155 230
155 246
155 251
155 252
155 253
155 260
155 270
155 278
155 280
155 284
155 286
155 292
155 297
156 163
156 189
156 201
156 230
156 234
156 239
156 257
156 267
156 270
156 274
156 277
156 281
156 287
156 293
156 299
157 160
157 179
157 181
157 186
157 199
157 204
157 224
158 169
158 186
158 189
158 192
158 199
158 210
158 215
158 225
158 247
158 248
158 262
158 267
158 275
158 278
158 284
158 293
159 162
159 167
159 175
159 182
159 212
159 215
159 217
159 223
159 239
159 241
159 255
159 257
159 293
159 300
160 163
160 165
160 170
160 173
160 175
160 186
160 188
160 191
160 199
160 200
160 202
160 203
160 215
160 218
160 224
160 225
160 241
160 244
160 251
160 253
160 256
160 259
160 261
160 265
160 282
160 285
160 286
160 287
160 290
160 292
160 295
161 164
161 172
161 173
161 174
161 175
161 178
161 181
161 186
161 189
161 191
161 197
161 198
161 199
161 200
161 203
161 204
161 206
161 212
161 214
161 225
161 227
161 230
161 234
161 241
161 242
161 244
161 245
161 246
161 248
161 251
161 253
161 261
161 262
161 265
161 267
161 268
161 269
161 277
161 278
161 284
161 285
161 286
161 287
161 290
161 292
161 294
161 295
161 297
162 164
162 171
162 183
162 190
162 200
162 221
162 225
162 228
162 241
162 247
162 257
162 269
162 276
162 296
162 299
162 300
163 164
163 165
163 170
163 173
163 175
163 180
163 198
163 199
163 207
163 227
163 229
163 233
163 236
163 270
163 279
163 281
163 288
164 175
164 189
164 191
164 197
164 202
164 203
164 204
164 206
164 230
164 234
164 238
164 244
164 259
164 263
164 270
164 271
164 274
164 282
164 285
164 286
164 290
164 295
164 298
165 177
165 182
165 183
165 189
165 190
165 192
165 199
165 201
165 211
165 244
165 272
165 279
165 288
165 290
166 170
166 193
166 198
166 212
166 220
166 221
166 235
166 243
166 249
166 252
166 258
166 261
166 279
166 284
167 176
167 179
167 185
167 187
167 198
167 199
167 218
167 219
167 220
167 244
167 246
167 257
167 259
167 260
167 270
167 277
167 281
167 290
167 293
168 169
168 171
168 173
168 175
168 176
168 177
168 190
168 191
168 204
168 207
168 214
168 216
168 223
168 228
168 230
168 241
168 242
168 253
168 275
168 287
169 181
169 187
169 193
169 195
169 207
169 208
169 230
169 238
169 252
169 261
169 265
169 274
169 282
169 286
169 292
169 294
169 296
170 187
170 190
170 191
170 206
170 218
170 225
170 226
170 227
170 232
170 250
170 252
170 263
170 293
171 174
171 184
171 187
171 194
171 195
171 206
171 211
171 213
171 214
171 218
171 226
171 239
171 257
171 261
171 266
171 267
171 268
171 272
171 278
171 282
171 287
171 292
171 293
171 295
171 296
172 173
172 178
172 181
172 191
172 204
172 207
172 224
172 225
172 246
172 257
172 258
172 277
173 175
173 181
173 184
173 185
173 188
173 191
173 198
173 200
173 201
173 202
173 204
173 216
173 235
173 244
173 246
173 248
173 251
173 268
173 270
173 272
173 283
173 286
173 290
173 293
173 295
173 298
174 219
174 224
174 236
174 247
174 263
174 264
174 277
174 278
174 283
174 285
174 286
175 177
175 184
175 190
175 191
175 193
175 199
175 200
175 203
175 204
175 206
175 207
175 216
175 225
175 230
175 234
175 241
175 244
175 246
175 251
175 257
175 259
175 261
175 264
175 267
175 268
175 269
175 271
175 272
175 282
175 285
175 286
175 290
175 295
176 216
176 217
176 249
176 265
176 276
176 281
176 290
176 293
177 178
177 192
177 196
177 202
177 203
177 208
177 216
177 231
177 232
177 233
177 237
177 238
177 240
177 242
177 261
177 267
177 268
177 271
177 272
177 273
177 277
177 282
177 285
177 287
177 289
177 290
177 293
177 298
178 180
178 182
178 188
178 202
178 208
178 216
178 221
178 223
178 228
178 230
178 261
178 267
178 271
178 273
178 276
178 281
178 282
178 287
179 181
179 184
179 201
179 206
179 207
179 217
179 225
179 252
179 261
179 262
179 278
180 183
180 198
180 199
180 202
180 203
180 215
180 226
180 230
180 234
180 240
180 251
180 255
180 256
180 258
180 259
180 267
180 270
180 276
180 289
181 184
181 195
181 203
181 210
181 225
181 237
181 244
182 185
182 186
182 190
182 192
182 194
182 220
182 234
182 240
182 248
182 254
182 255
182 260
183 198
183 200
183 218
183 233
183 234
183 251
183 253
183 255
183 256
183 257
183 259
183 273
183 287
183 293
184 187
184 190
184 191
184 198
184 201
184 218
184 223
184 226
184 228
184 229
184 245
184 251
184 252
184 254
184 257
184 273
184 277
184 282
184 292
185 189
185 202
185 215
185 217
185 229
185 231
185 263
185 265
185 281
185 290
185 292
186 233
186 267
186 284
187 196
187 263
187 281
187 294
188 200
188 208
188 231
188 232
188 240
188 246
188 280
188 284
188 294
188 299
189 191
189 204
189 211
189 218
189 238
189 248
189 250
189 252
189 300
190 196
190 203
190 204
190 208
190 213
190 214
190 229
190 250
190 260
190 268
190 271
190 272
190 284
190 285
190 288
190 300
191 196
191 198
191 199
191 202
191 204
191 207
191 211
191 213
191 216
191 225
191 226
191 230
191 232
191 234
191 238
191 240
191 241
191 242
191 244
191 245
191 246
191 248
191 251
191 253
191 255
191 259
191 261
191 270
191 271
191 272
191 281
191 282
191 285
191 286
191 288
191 290
191 292
191 295
192 193
192 204
192 224
192 240
192 247
192 264
192 272
192 286
192 290
193 194
193 199
193 200
193 203
193 243
193 244
193 245
193 247
193 259
193 261
193 268
193 271
193 285
193 286
193 291
193 294
193 295
194 200
194 216
194 224
194 240
194 241
194 242
194 248
194 269
194 271
194 272
194 298
195 200
195 204
195 227
195 230
195 239
195 251
195 254
195 256
195 279
195 292
195 294
195 299
196 199
196 223
196 226
196 234
196 251
196 261
196 267
196 269
196 274
196 277
196 299
197 203
197 223
197 227
197 233
197 236
197 246
197 250
197 257
197 260
197 261
197 288
197 290
197 291
198 224
198 227
198 229
198 230
198 232
198 234
198 239
198 244
198 250
198 251
198 257
198 264
198 267
198 268
198 271
198 279
198 283
198 287
198 299
198 300
199 200
199 209
199 220
199 221
199 225
199 231
199 244
199 247
199 253
199 259
199 261
199 266
199 269
199 272
199 276
199 278
199 279
199 286
199 290
199 294
200 201
200 202
200 230
200 244
200 248
200 253
200 264
200 266
200 267
200 272
200 275
200 276
200 282
200 286
200 290
200 294
200 295
201 208
201 216
201 223
201 233
201 235
201 248
201 250
201 295
201 296
202 204
202 208
202 222
202 227
202 234
202 238
202 240
202 244
202 248
202 253
202 260
202 263
202 264
202 265
202 267
202 270
202 277
202 282
202 285
202 286
202 287
202 289
202 293
203 204
203 210
203 231
203 257
203 284
203 300
204 213
204 224
204 227
204 229
204 230
204 232
204 239
204 241
204 242
204 244
204 252
204 257
204 259
204 261
204 270
204 271
204 272
204 277
204 280
204 284
205 206
205 219
205 232
205 233
205 252
205 265
205 267
205 275
205 278
205 288
205 294
205 295
206 214
206 228
206 231
206 234
206 235
206 261
206 262
206 275
206 287
206 298
207 215
207 233
207 244
207 253
207 255
207 265
207 270
207 280
207 284
207 290
208 225
208 236
208 240
208 246
208 247
208 250
208 264
208 272
208 276
208 283
208 296
209 226
209 231
209 234
209 235
209 245
209 252
209 265
209 268
209 277
209 297
209 299
210 216
210 270
210 273
210 280
210 281
210 284
210 287
210 293
210 294
210 297
211 220
211 236
211 244
211 256
212 215
212 268
212 278
212 281
212 282
212 289
212 290
212 299
213 214
213 222
213 224
213 230
213 234
213 239
213 255
213 259
213 268
213 300
214 219
214 244
214 246
214 257
214 287
215 220
215 233
215 236
215 237
215 239
215 240
215 246
215 263
215 267
215 270
215 278
215 280
215 281
215 287
215 293
215 298
216 225
216 233
216 234
216 236
216 237
216 238
216 240
216 244
216 249
216 253
216 261
216 267
216 270
216 271
216 277
216 280
216 282
216 285
216 286
216 287
216 289
216 290
217 219
217 249
217 256
217 266
217 269
217 280
217 292
218 219
218 229
218 230
218 236
218 238
218 240
218 245
218 246
218 249
218 251
218 260
218 261
218 265
218 279
218 290
218 299
219 249
219 263
219 264
219 272
219 273
219 278
219 293
220 222
220 224
220 232
220 236
220 237
220 240
220 249
220 251
220 255
220 258
220 264
220 267
220 270
220 278
220 280
220 284
220 287
220 291
220 297
221 222
221 223
221 239
221 251
221 276
221 286
221 292
222 226
222 231
222 237
222 238
222 239
222 258
222 260
222 263
222 269
222 275
222 277
222 281
223 226
223 231
223 248
223 258
223 279
223 288
223 292
224 233
224 240
224 259
224 270
224 283
224 295
225 240
225 244
225 249
225 253
225 255
225 259
225 269
225 270
225 272
225 282
225 285
225 286
225 287
225 290
225 291
225 294
226 244
226 250
226 256
226 260
226 263
226 278
226 282
226 293
226 297
227 234
227 238
227 250
227 255
227 258
227 266
227 268
227 270
227 273
227 277
227 280
227 288
228 251
228 252
228 271
228 272
228 273
228 278
228 279
228 281
228 292
228 295
229 244
229 246
229 248
229 249
229 253
229 254
229 273
229 284
229 287
229 292
230 231
230 234
230 238
230 241
230 244
230 251
230 253
230 255
230 257
230 261
230 269
230 272
230 276
230 277
230 279
230 282
230 285
230 290
230 292
230 295
231 239
231 254
231 262
231 275
231 281
231 284
231 286
231 297
232 233
232 235
232 239
232 240
232 244
232 248
232 253
232 257
232 266
232 270
232 271
232 277
232 279
232 282
232 293
232 300
233 236
233 237
233 238
233 239
233 240
233 244
233 245
233 248
233 255
233 257
233 262
233 264
233 267
233 268
233 270
233 275
233 277
233 280
233 284
233 286
233 287
233 288
233 289
233 291
233 293
233 294
233 299
234 238
234 240
234 241
234 244
234 251
234 263
234 271
234 272
234 277
234 282
234 285
234 287
234 289
234 290
234 293
234 295
235 245
235 258
235 265
235 277
235 286
235 287
235 293
235 295
235 298
236 237
236 239
236 240
236 241
236 242
236 243
236 244
236 256
236 262
236 264
236 269
236 270
236 271
236 272
236 275
236 280
236 283
236 300
237 239
237 240
237 246
237 258
237 261
237 263
237 266
237 267
237 270
237 277
237 280
237 287
237 296
237 297
237 298
237 300
238 244
238 265
238 266
238 270
238 271
238 275
238 279
238 292
239 240
239 244
239 245
239 247
239 254
239 256
239 258
239 270
239 277
239 286
239 287
239 288
239 292
239 298
240 252
240 253
240 257
240 267
240 269
240 270
240 271
240 277
240 280
240 287
240 289
240 295
240 297
241 244
241 246
241 252
241 253
241 261
241 266
241 271
241 272
241 281
241 282
241 285
241 286
241 295
242 243
242 244
242 261
242 262
242 263
242 267
242 270
242 271
242 277
242 279
242 285
242 286
242 294
242 296
243 245
243 247
243 249
243 250
243 266
243 268
243 270
243 273
243 277
243 278
243 279
243 285
243 288
243 292
244 246
244 248
244 251
244 253
244 256
244 257
244 259
244 260
244 261
244 267
244 268
244 270
244 271
244 272
244 273
244 275
244 276
244 277
244 281
244 282
244 285
244 286
244 287
244 289
244 290
244 291
244 295
244 297
245 247
245 263
245 265
245 268
245 270
245 273
245 280
245 282
245 290
245 292
245 294
245 300
246 247
246 249
246 254
246 260
246 261
246 263
246 267
246 272
246 280
246 282
246 290
246 293
246 294
246 299
246 300
247 251
247 256
247 272
247 274
247 286
247 294
248 250
248 257
248 260
248 261
248 263
248 268
248 272
248 276
248 277
248 282
248 289
248 290
248 300
249 253
249 255
249 276
249 291
249 296
250 263
250 268
250 272
250 288
251 253
251 256
251 261
251 262
251 286
251 287
251 292
251 295
251 298
252 270
252 283
253 259
253 265
253 268
253 269
253 271
253 272
253 282
253 285
253 292
253 294
253 295
253 297
253 300
254 258
254 259
254 263
255 262
255 265
255 268
255 270
255 272
255 287
255 288
256 264
256 269
256 285
256 287
256 292
256 299
256 300
257 276
257 287
258 261
258 268
258 280
258 291
259 261
259 264
259 276
259 286
260 262
260 287
260 291
260 298
261 263
261 265
261 273
261 278
261 281
261 285
261 286
261 290
261 291
261 292
261 295
261 297
262 263
262 270
262 271
262 272
262 273
262 276
262 283
262 294
263 266
263 267
264 272
264 279
264 286
265 272
265 273
265 281
265 282
265 290
265 292
265 295
265 296
266 268
266 274
266 297
266 300
267 270
267 277
267 279
267 287
267 288
267 289
267 291
268 270
268 286
269 272
269 279
270 272
270 277
270 280
270 282
270 283
270 286
270 287
270 289
270 290
270 291
270 293
270 298
270 299
271 272
271 281
271 282
271 290
271 296
271 299
272 273
272 277
272 280
272 283
272 284
272 286
272 288
272 291
272 295
273 292
273 294
273 295
274 297
275 287
276 280
276 286
276 296
277 282
277 287
278 280
278 281
278 290
278 299
279 286
279 296
279 299
280 284
280 286
280 293
280 298
280 299
281 285
281 292
281 294
281 295
282 285
282 286
282 287
282 289
282 290
282 295
282 296
283 298
283 300
284 300
285 286
285 288
285 294
285 295
286 290
286 295
286 297
287 291
287 293
288 296
289 290
289 291
290 294
290 295
290 298
293 295
295 300
299 300
