1 9
1 20
1 23
1 29
1 55
1 59
1 61
1 62
1 65
1 69
1 95
1 97
1 104
1 110
1 112
1 118
1 140
1 144
1 155
1 158
1 161
1 175
1 197
1 198
1 207
1 212
1 217
1 233
1 235
1 244
1 249
1 250
1 256
1 261
1 263
1 265
1 268
1 276
1 282
1 284
1 290
1 293
1 295
1 300
2 5
2 9
2 10
2 11
2 12
2 13
2 23
2 25
2 29
2 38
2 41
2 47
2 57
2 58
2 59
2 60
2 61
2 62
2 69
2 70
2 77
2 79
2 84
2 88
2 91
2 94
2 96
2 97
2 103
2 104
2 105
2 106
2 111
2 118
2 124
2 128
2 129
2 136
2 139
2 140
2 143
2 144
2 145
2 146
2 147
2 153
2 155
2 160
2 161
2 163
2 164
2 168
2 172
2 173
2 174
2 175
2 185
2 191
2 193
2 199
2 200
2 202
2 204
2 212
2 216
2 225
2 229
2 230
2 232
2 233
2 240
2 241
2 242
2 244
2 246
2 248
2 251
2 253
2 259
2 261
2 267
2 269
2 270
2 271
2 272
2 275
2 277
2 278
2 282
2 285
2 286
2 287
2 290
2 295
3 20
3 26
3 31
3 55
3 66
3 76
3 77
3 103
3 105
3 128
3 129
3 132
3 135
3 153
3 160
3 184
3 191
3 196
3 197
3 213
3 214
3 228
3 231
3 235
3 241
3 242
3 250
3 275
3 283
3 300
4 16
4 25
4 28
4 31
4 63
4 65
4 130
4 132
4 141
4 165
4 211
4 213
4 225
4 266
4 271
4 281
4 283
4 296
5 11
5 12
5 13
5 18
5 20
5 28
5 31
5 35
5 36
5 41
5 61
5 62
5 63
5 69
5 81
5 92
5 94
5 95
5 97
5 101
5 105
5 112
5 136
5 140
5 142
5 144
5 146
5 160
5 161
5 164
5 167
5 175
5 177
5 185
5 186
5 191
5 193
5 199
5 212
5 227
5 230
5 234
5 238
5 240
5 244
5 247
5 252
5 253
5 261
5 265
5 269
5 282
5 285
5 290
5 295
6 16
6 21
6 23
6 29
6 31
6 39
6 46
6 57
6 58
6 67
6 73
6 97
6 98
6 112
6 126
6 138
6 139
6 142
6 148
6 158
6 192
6 205
6 216
6 218
6 222
6 225
6 261
6 269
6 270
6 272
6 289
6 295
7 50
7 51
7 72
7 80
7 91
7 144
7 151
7 185
7 191
7 208
7 219
7 240
7 242
7 250
7 271
8 18
8 23
8 29
8 54
8 82
8 98
8 99
8 119
8 151
8 163
8 172
8 199
8 201
8 208
8 212
8 260
8 270
8 273
8 281
8 294
9 14
9 29
9 30
9 37
9 38
9 48
9 73
9 85
9 102
9 129
9 137
9 151
9 163
9 166
9 173
9 250
9 255
9 263
9 300
10 34
10 77
10 83
10 97
10 104
10 113
10 120
10 131
10 150
10 160
10 179
10 191
10 201
10 218
10 255
10 266
10 287
11 30
11 43
11 49
11 52
11 62
11 69
11 83
11 106
11 112
11 140
11 144
11 151
11 158
11 161
11 191
11 192
11 224
11 244
11 252
11 253
11 262
11 282
11 283
11 290
11 299
12 24
12 25
12 26
12 31
12 32
12 35
12 36
12 41
12 53
12 62
12 69
12 71
12 77
12 79
12 90
12 91
12 92
12 96
12 97
12 100
12 104
12 106
12 124
12 127
12 128
12 136
12 140
12 143
12 144
12 153
12 161
12 164
12 166
12 171
12 173
12 175
12 182
12 191
12 199
12 200
12 204
12 225
12 232
12 241
12 242
12 244
12 246
12 248
12 253
12 267
12 268
12 270
12 271
12 272
12 273
12 277
12 282
12 285
12 286
12 290
12 291
12 294
12 297
12 300
13 23
13 29
13 43
13 49
13 61
13 62
13 63
13 66
13 68
13 69
13 77
13 94
13 97
13 98
13 119
13 140
13 142
13 143
13 144
13 145
13 159
13 161
13 175
13 183
13 187
13 218
13 230
13 241
13 244
13 267
13 270
13 277
13 282
14 22
14 34
14 36
14 40
14 61
14 87
14 91
14 161
14 187
14 190
14 229
14 234
14 242
14 243
14 265
14 266
14 274
14 287
14 289
14 300
15 33
15 57
15 76
15 85
15 105
15 121
15 144
15 160
15 178
15 188
15 197
15 205
15 208
15 215
15 224
15 254
15 281
15 283
16 17
16 28
16 45
16 97
16 104
16 114
16 120
16 122
16 134
16 143
16 156
16 165
16 169
16 185
16 190
16 202
16 215
16 228
16 238
16 263
16 264
16 283
17 21
17 50
17 51
17 59
17 71
17 72
17 110
17 128
17 131
17 134
17 137
17 149
17 150
17 153
17 154
17 169
17 172
17 190
17 194
17 226
17 267
17 286
17 293
18 19
18 21
18 23
18 35
18 41
18 51
18 61
18 68
18 99
18 111
18 118
18 127
18 164
18 172
18 191
18 201
18 218
18 234
18 241
18 256
18 259
18 293
19 28
19 45
19 47
19 57
19 70
19 86
19 95
19 101
19 105
19 129
19 130
19 148
19 155
19 157
19 170
19 194
19 205
19 221
19 260
19 263
19 273
20 26
20 34
20 42
20 43
20 77
20 84
20 95
20 99
20 100
20 120
20 123
20 133
20 140
20 160
20 172
20 173
20 177
20 180
20 181
20 183
20 196
20 199
20 261
20 280
20 281
21 40
21 51
21 53
21 62
21 67
21 72
21 76
21 96
21 101
21 124
21 162
21 180
21 184
21 199
21 205
21 221
21 230
21 233
21 243
21 252
21 276
21 281
21 285
21 290
22 29
22 44
22 88
22 101
22 139
22 149
22 167
22 174
22 213
22 230
22 261
22 289
22 297
23 24
23 29
23 47
23 50
23 60
23 69
23 76
23 87
23 89
23 94
23 99
23 106
23 123
23 124
23 130
23 140
23 143
23 145
23 150
23 152
23 154
23 159
23 164
23 168
23 173
23 183
23 184
23 188
23 189
23 191
23 195
23 202
23 215
23 222
23 231
23 244
23 256
23 263
23 268
23 269
23 270
23 271
23 272
23 276
23 287
23 289
23 290
23 296
24 26
24 31
24 45
24 66
24 69
24 82
24 84
24 86
24 92
24 103
24 111
24 140
24 146
24 156
24 180
24 188
24 191
24 227
24 251
24 260
24 273
24 276
24 282
25 57
25 62
25 69
25 73
25 74
25 77
25 97
25 105
25 106
25 110
25 111
25 112
25 127
25 140
25 143
25 144
25 149
25 152
25 161
25 169
25 183
25 186
25 191
25 215
25 230
25 241
25 244
25 246
25 252
25 262
25 268
25 277
25 278
25 289
25 290
25 298
26 48
26 55
26 65
26 66
26 69
26 70
26 74
26 87
26 92
26 93
26 99
26 103
26 110
26 115
26 118
26 131
26 140
26 144
26 145
26 148
26 153
26 160
26 170
26 173
26 197
26 200
26 205
26 215
26 226
26 250
26 267
26 270
26 280
26 284
26 292
26 294
27 55
27 59
27 62
27 65
27 66
27 69
27 85
27 90
27 99
27 103
27 122
27 144
27 148
27 164
27 171
27 177
27 217
27 226
27 232
27 234
27 239
27 252
27 256
27 263
27 296
28 39
28 61
28 111
28 120
28 136
28 138
28 141
28 157
28 159
28 160
28 173
28 175
28 178
28 183
28 185
28 186
28 193
28 196
28 201
28 219
28 238
28 247
28 260
28 287
28 296
28 297
28 300
29 60
29 62
29 69
29 79
29 96
29 105
29 115
29 116
29 118
29 144
29 148
29 180
29 190
29 191
29 195
29 202
29 222
29 249
29 256
29 287
30 31
30 40
30 48
30 53
30 56
30 59
30 62
30 64
30 69
30 70
30 76
30 105
30 126
30 145
30 150
30 170
30 186
30 204
30 240
30 251
30 263
31 33
31 51
31 55
31 56
31 59
31 63
31 65
31 69
31 75
31 85
31 95
31 96
31 105
31 108
31 129
31 144
31 161
31 169
31 175
31 177
31 191
31 202
31 203
31 204
31 214
31 223
31 230
31 251
31 264
31 265
31 266
31 269
31 272
31 277
31 280
31 295
32 45
32 64
32 93
32 114
32 127
32 134
32 140
32 159
32 169
32 177
32 178
32 189
32 199
32 208
32 220
32 238
33 35
33 40
33 43
33 69
33 80
33 92
33 93
33 95
33 105
33 120
33 147
33 155
33 160
33 169
33 184
33 194
33 206
33 218
33 226
33 227
33 260
33 282
33 294
34 46
34 57
34 60
34 69
34 85
34 99
34 106
34 118
34 131
34 139
34 140
34 144
34 174
34 184
34 203
34 226
34 227
34 244
34 265
34 273
34 276
34 278
34 280
35 44
35 46
35 47
35 62
35 69
35 72
35 77
35 104
35 105
35 124
35 127
35 134
35 136
35 140
35 144
35 146
35 155
35 161
35 167
35 173
35 185
35 191
35 193
35 218
35 227
35 232
35 246
35 253
35 259
35 281
35 288
35 290
35 296
36 47
36 60
36 62
36 69
36 80
36 89
36 107
36 112
36 131
36 135
36 137
36 140
36 142
36 144
36 147
36 161
36 186
36 191
36 195
36 206
36 265
36 271
36 297
37 44
37 47
37 50
37 86
37 104
37 162
37 181
37 205
37 217
37 242
37 256
37 261
38 39
38 58
38 59
38 60
38 62
38 69
38 83
38 88
38 94
38 97
38 104
38 105
38 118
38 119
38 136
38 139
38 140
38 144
38 149
38 153
38 158
38 160
38 161
38 162
38 172
38 174
38 175
38 180
38 181
38 191
38 197
38 199
38 203
38 224
38 235
38 237
38 244
38 253
38 254
38 259
38 261
38 263
38 265
38 273
38 282
38 285
38 290
39 63
39 71
39 81
39 95
39 100
39 101
39 114
39 116
39 117
39 153
39 162
39 166
39 189
39 194
39 198
39 222
39 239
39 241
39 243
39 247
39 249
39 252
39 266
39 267
39 269
39 279
39 292
39 300
40 51
40 54
40 63
40 69
40 132
40 147
40 201
40 233
40 252
40 256
40 261
40 286
41 42
41 43
41 57
41 62
41 64
41 65
41 69
41 74
41 94
41 104
41 105
41 140
41 144
41 167
41 173
41 190
41 191
41 197
41 199
41 210
41 224
41 239
41 244
41 258
41 263
41 279
41 282
41 287
41 290
41 294
42 69
42 78
42 85
42 90
42 109
42 139
42 167
42 169
42 172
42 179
42 183
42 186
42 193
42 200
42 208
42 221
42 223
42 231
42 244
42 261
42 266
42 272
42 276
42 280
42 290
43 66
43 74
43 77
43 142
43 160
43 184
43 222
43 231
43 269
43 280
43 285
43 294
44 46
44 56
44 68
44 107
44 109
44 112
44 156
44 161
44 169
44 188
44 209
44 252
44 269
44 293
45 54
45 67
45 116
45 125
45 147
45 160
45 183
45 185
45 201
45 203
45 210
45 212
45 213
45 222
45 236
45 237
45 255
45 259
45 262
45 273
45 280
45 284
45 289
46 69
46 72
46 88
46 102
46 134
46 155
46 197
46 205
46 219
46 220
46 239
46 259
46 264
46 286
47 55
47 59
47 62
47 69
47 82
47 84
47 90
47 94
47 97
47 98
47 99
47 105
47 111
47 125
47 129
47 136
47 144
47 146
47 163
47 181
47 185
47 191
47 204
47 220
47 233
47 242
47 244
47 249
47 251
47 284
47 285
47 286
47 292
47 295
48 54
48 81
48 90
48 94
48 142
48 160
48 170
48 188
48 209
48 227
48 231
48 237
48 239
48 254
48 255
48 260
48 262
48 269
48 270
48 276
48 280
48 283
48 300
49 91
49 94
49 125
49 150
49 159
49 171
49 179
49 184
49 199
49 255
49 272
49 283
49 286
49 299
50 59
50 65
50 70
50 86
50 116
50 119
50 143
50 152
50 156
50 161
50 163
50 174
50 179
50 202
50 203
50 218
50 235
50 256
50 261
50 267
50 286
50 294
51 52
51 59
51 69
51 71
51 87
51 97
51 107
51 108
51 136
51 139
51 153
51 156
51 172
51 175
51 182
51 201
51 218
51 233
51 241
51 245
51 269
51 270
51 280
51 284
51 292
52 69
52 70
52 78
52 98
52 127
52 131
52 137
52 142
52 149
52 150
52 151
52 155
52 178
52 179
52 182
52 186
52 194
52 212
52 215
52 229
52 251
52 253
52 274
52 276
52 281
52 288
52 297
53 59
53 79
53 83
53 86
53 94
53 96
53 101
53 113
53 116
53 128
53 144
53 176
53 208
53 213
53 224
53 233
53 240
53 249
53 252
53 290
54 66
54 84
54 113
54 122
54 126
54 133
54 145
54 152
54 159
54 174
54 180
54 215
54 222
54 233
54 236
54 258
54 273
54 282
54 284
54 285
55 59
55 60
55 62
55 73
55 90
55 92
55 94
55 101
55 105
55 117
55 129
55 161
55 189
55 200
55 204
55 215
55 229
55 236
55 243
55 248
55 253
55 256
55 261
55 264
55 272
56 67
56 71
56 77
56 88
56 99
56 139
56 140
56 143
56 162
56 190
56 204
56 239
56 250
56 267
56 287
56 288
56 292
56 293
57 61
57 62
57 67
57 96
57 98
57 137
57 157
57 165
57 171
57 172
57 177
57 179
57 201
57 215
57 221
57 226
57 228
57 237
57 250
57 261
57 270
57 271
57 279
57 280
57 288
58 59
58 62
58 63
58 69
58 94
58 96
58 109
58 140
58 144
58 190
58 193
58 197
58 220
58 239
58 240
58 244
58 270
58 278
58 287
58 296
58 297
59 60
59 62
59 65
59 69
59 70
59 72
59 80
59 82
59 85
59 87
59 88
59 91
59 94
59 99
59 107
59 116
59 119
59 126
59 129
59 140
59 143
59 144
59 145
59 155
59 158
59 173
59 178
59 180
59 182
59 189
59 191
59 202
59 215
59 216
59 221
59 226
59 232
59 233
59 234
59 236
59 238
59 239
59 240
59 241
59 244
59 251
59 259
59 267
59 268
59 270
59 277
59 280
59 286
59 287
60 62
60 69
60 89
60 94
60 99
60 110
60 115
60 119
60 126
60 136
60 138
60 140
60 150
60 172
60 191
60 199
60 209
60 213
60 215
60 219
60 234
60 236
60 237
60 243
60 244
60 248
60 252
60 284
60 289
61 62
61 63
61 69
61 79
61 94
61 95
61 98
61 103
61 104
61 105
61 106
61 111
61 112
61 130
61 136
61 140
61 144
61 146
61 153
61 160
61 161
61 164
61 175
61 178
61 186
61 188
61 190
61 191
61 199
61 200
61 230
61 244
61 246
61 251
61 252
61 253
61 265
61 267
61 270
61 278
61 282
61 286
61 287
61 290
61 292
61 295
62 63
62 64
62 65
62 69
62 70
62 77
62 79
62 82
62 85
62 88
62 89
62 94
62 95
62 96
62 97
62 98
62 99
62 103
62 104
62 105
62 106
62 112
62 129
62 136
62 138
62 139
62 140
62 143
62 144
62 145
62 146
62 152
62 153
62 156
62 158
62 160
62 161
62 164
62 168
62 169
62 170
62 173
62 175
62 177
62 178
62 180
62 184
62 188
62 191
62 193
62 200
62 202
62 204
62 207
62 215
62 216
62 229
62 230
62 232
62 233
62 237
62 238
62 239
62 240
62 241
62 244
62 248
62 251
62 253
62 254
62 255
62 260
62 261
62 265
62 267
62 269
62 270
62 272
62 273
62 277
62 282
62 285
62 286
62 287
62 289
62 290
62 291
62 293
62 295
63 67
63 69
63 94
63 98
63 106
63 119
63 124
63 126
63 140
63 141
63 142
63 144
63 149
63 151
63 170
63 175
63 177
63 185
63 191
63 203
63 206
63 207
63 221
63 222
63 228
63 230
63 232
63 234
63 235
63 239
63 251
63 257
63 260
63 263
63 270
63 277
63 296
64 67
64 70
64 83
64 96
64 97
64 109
64 151
64 179
64 194
64 198
64 208
64 213
64 252
64 255
65 69
65 72
65 74
65 79
65 84
65 87
65 94
65 95
65 99
65 102
65 103
65 112
65 122
65 135
65 140
65 144
65 146
65 156
65 180
65 190
65 197
65 212
65 244
65 251
65 296
65 299
66 81
66 86
66 113
66 132
66 138
66 146
66 147
66 157
66 170
66 204
66 205
66 210
66 217
66 219
66 221
66 251
67 82
67 83
67 158
67 169
67 170
67 177
67 192
67 241
67 257
67 268
68 76
68 90
68 124
68 125
68 131
68 163
68 164
68 167
68 174
68 184
68 194
68 229
68 235
68 245
68 249
68 252
68 267
68 273
68 290
69 70
69 71
69 77
69 79
69 81
69 84
69 85
69 87
69 88
69 90
69 91
69 92
69 94
69 95
69 96
69 97
69 98
69 99
69 104
69 105
69 106
69 111
69 112
69 122
69 124
69 127
69 129
69 134
69 136
69 139
69 140
69 141
69 143
69 144
69 145
69 146
69 152
69 153
69 155
69 156
69 160
69 161
69 164
69 168
69 171
69 172
69 173
69 175
69 177
69 178
69 180
69 184
69 191
69 193
69 196
69 199
69 200
69 202
69 203
69 204
69 213
69 215
69 216
69 218
69 220
69 225
69 229
69 230
69 232
69 233
69 234
69 240
69 241
69 244
69 246
69 248
69 251
69 253
69 255
69 259
69 261
69 265
69 267
69 269
69 270
69 271
69 272
69 273
69 276
69 277
69 278
69 282
69 285
69 286
69 287
69 290
69 292
69 293
69 294
69 295
69 296
69 298
70 77
70 85
70 87
70 88
70 94
70 101
70 120
70 137
70 143
70 157
70 190
70 202
70 203
70 204
70 216
70 220
70 224
70 232
70 233
70 236
70 241
70 243
70 246
70 250
70 251
70 253
70 260
70 267
70 268
70 270
70 277
70 282
70 285
70 286
70 288
70 289
71 73
71 74
71 96
71 98
71 102
71 168
71 228
71 290
72 77
72 78
72 85
72 94
72 101
72 124
72 130
72 138
72 145
72 151
72 162
72 184
72 199
72 244
72 248
72 258
72 268
72 277
72 282
72 287
72 296
72 297
72 298
73 102
73 103
73 112
73 126
73 129
73 148
73 165
73 168
73 190
73 204
73 241
73 242
73 250
73 277
73 278
74 87
74 96
74 126
74 144
74 201
74 207
74 225
74 229
74 257
74 282
74 285
74 288
74 297
74 299
75 82
75 84
75 89
75 105
75 112
75 148
75 150
75 157
75 194
75 209
75 247
75 251
75 261
75 265
75 271
75 272
75 273
75 284
76 102
76 124
76 143
76 162
76 180
76 183
76 202
76 229
76 234
76 247
76 255
76 265
76 281
77 91
77 92
77 94
77 118
77 126
77 140
77 142
77 143
77 161
77 168
77 171
77 182
77 184
77 185
77 191
77 196
77 200
77 205
77 215
77 216
77 224
77 234
77 240
77 244
77 247
77 255
77 269
77 278
77 282
77 283
77 289
77 295
77 296
77 300
78 88
78 127
78 128
78 161
78 168
78 177
78 184
78 191
78 200
78 203
78 211
78 213
78 279
78 295
78 300
79 82
79 94
79 97
79 102
79 105
79 106
79 140
79 143
79 144
79 153
79 161
79 166
79 175
79 176
79 178
79 188
79 191
79 192
79 204
79 206
79 224
79 226
79 230
79 244
79 261
79 272
79 282
79 290
80 104
80 118
80 122
80 131
80 133
80 185
80 190
80 202
80 206
80 214
80 240
80 253
80 254
80 271
80 275
80 281
81 87
81 91
81 101
81 104
81 105
81 108
81 112
81 117
81 119
81 134
81 137
81 140
81 141
81 143
81 144
81 146
81 147
81 161
81 167
81 175
81 210
81 222
81 230
81 233
81 245
81 250
81 257
81 259
81 261
81 265
81 268
81 280
81 292
81 295
82 84
82 119
82 120
82 161
82 184
82 186
82 201
82 208
82 211
82 213
82 227
82 230
82 238
82 242
82 296
83 91
83 93
83 136
83 138
83 142
83 146
83 153
83 161
83 164
83 182
83 191
83 198
83 212
83 217
83 235
83 241
83 248
83 253
83 255
83 265
83 268
83 281
83 282
83 287
83 289
83 294
84 97
84 105
84 111
84 118
84 123
84 140
84 144
84 146
84 148
84 156
84 158
84 161
84 175
84 191
84 200
84 202
84 207
84 218
84 225
84 227
84 242
84 244
84 245
84 251
84 265
84 290
84 295
84 296
85 99
85 100
85 101
85 112
85 120
85 144
85 160
85 186
85 188
85 199
85 200
85 209
85 215
85 219
85 223
85 240
85 259
85 261
85 282
85 294
86 87
86 99
86 115
86 116
86 122
86 136
86 164
86 168
86 180
86 228
86 259
86 261
86 290
87 94
87 100
87 109
87 119
87 134
87 142
87 143
87 145
87 146
87 155
87 171
87 174
87 201
87 204
87 205
87 207
87 216
87 220
87 222
87 233
87 234
87 237
87 244
87 266
87 267
87 268
87 270
87 272
87 277
87 280
87 284
87 290
87 299
87 300
88 91
88 99
88 110
88 138
88 140
88 144
88 161
88 191
88 204
88 225
88 232
88 233
88 236
88 244
88 251
88 267
88 270
88 282
88 293
89 93
89 99
89 103
89 111
89 147
89 186
89 217
89 226
89 255
89 281
89 283
89 290
89 293
90 93
90 95
90 97
90 106
90 115
90 133
90 134
90 139
90 176
90 177
90 191
90 193
90 194
90 215
90 254
90 255
90 261
90 263
90 273
90 285
90 287
90 296
91 102
91 105
91 106
91 123
91 134
91 138
91 140
91 144
91 175
91 197
91 199
91 225
91 241
91 244
91 248
91 270
91 287
92 109
92 118
92 126
92 133
92 140
92 144
92 145
92 154
92 190
92 197
92 223
92 234
92 240
92 247
92 262
92 268
92 294
92 298
93 111
93 147
93 162
93 163
93 213
93 232
93 234
93 244
93 272
93 297
94 96
94 97
94 98
94 105
94 106
94 107
94 117
94 129
94 136
94 140
94 143
94 144
94 145
94 146
94 150
94 152
94 153
94 155
94 156
94 160
94 161
94 164
94 165
94 173
94 175
94 180
94 187
94 191
94 200
94 202
94 204
94 206
94 209
94 217
94 227
94 229
94 230
94 231
94 232
94 233
94 234
94 240
94 241
94 244
94 248
94 251
94 267
94 268
94 270
94 271
94 273
94 277
94 282
94 285
94 286
94 287
94 290
94 295
95 97
95 98
95 105
95 140
95 144
95 181
95 199
95 204
95 214
95 215
95 235
95 255
95 257
95 269
95 286
95 287
95 295
96 134
96 140
96 144
96 154
96 158
96 159
96 161
96 165
96 175
96 183
96 191
96 203
96 204
96 211
96 222
96 227
96 244
96 247
96 255
96 259
96 269
96 282
96 286
97 98
97 105
97 112
97 123
97 132
97 136
97 140
97 141
97 143
97 144
97 146
97 153
97 155
97 161
97 164
97 173
97 175
97 179
97 184
97 191
97 200
97 204
97 207
97 209
97 220
97 224
97 225
97 229
97 230
97 234
97 236
97 238
97 241
97 244
97 248
97 251
97 261
97 269
97 270
97 271
97 272
97 273
97 276
97 282
97 285
97 286
97 290
97 292
97 295
98 105
98 115
98 120
98 123
98 128
98 131
98 136
98 140
98 153
98 159
98 161
98 184
98 191
98 194
98 197
98 215
98 218
98 225
98 236
98 265
98 272
98 285
98 290
98 295
99 101
99 103
99 135
99 152
99 173
99 176
99 202
99 214
99 221
99 226
99 240
99 244
99 251
99 253
99 260
99 286
99 288
99 291
99 292
99 297
100 128
100 138
100 139
100 146
100 153
100 190
100 204
100 218
100 223
100 230
100 247
100 251
100 276
100 278
100 279
100 280
100 282
100 288
101 107
101 134
101 144
101 146
101 153
101 174
101 182
101 197
101 201
101 229
101 233
101 238
101 245
101 262
101 269
101 280
101 291
102 125
102 131
102 137
102 154
102 163
102 187
102 198
102 201
102 210
102 213
102 219
102 234
102 236
102 238
102 263
102 266
103 107
103 110
103 122
103 127
103 134
103 135
103 156
103 160
103 166
103 172
103 192
103 193
103 205
103 224
103 227
103 257
103 258
103 271
104 105
104 114
104 121
104 126
104 131
104 136
104 137
104 140
104 143
104 144
104 149
104 161
104 174
104 175
104 183
104 191
104 229
104 241
104 243
104 244
104 251
104 259
104 261
104 273
104 292
104 298
105 106
105 112
105 113
105 120
105 121
105 136
105 140
105 144
105 160
105 161
105 163
105 164
105 175
105 180
105 183
105 186
105 191
105 193
105 216
105 220
105 221
105 230
105 241
105 244
105 245
105 248
105 259
105 261
105 264
105 265
105 276
105 282
105 285
105 287
105 288
105 290
105 292
105 295
106 112
106 119
106 126
106 127
106 132
106 136
106 140
106 144
106 145
106 153
106 155
106 161
106 164
106 175
106 179
106 183
106 191
106 193
106 194
106 201
106 203
106 213
106 230
106 241
106 244
106 253
106 261
106 267
106 268
106 269
106 282
106 293
107 111
107 116
107 122
107 132
107 147
107 149
107 165
107 172
107 175
107 177
107 188
107 270
107 281
107 286
108 131
108 157
108 163
108 191
108 199
108 208
108 222
108 232
108 233
108 238
108 244
108 259
108 266
109 124
109 127
109 133
109 167
109 198
109 207
109 216
109 232
109 234
109 263
109 264
109 280
109 290
109 294
109 299
110 124
110 139
110 141
110 155
110 161
110 167
110 172
110 212
110 213
110 224
110 230
110 283
111 113
111 120
111 125
111 140
111 144
111 147
111 175
111 177
111 212
111 216
111 224
111 226
111 229
111 230
111 232
111 233
111 239
111 240
111 244
111 246
111 260
111 261
111 271
111 273
111 282
111 295
112 126
112 136
112 140
112 144
112 146
112 154
112 160
112 173
112 183
112 191
112 193
112 199
112 200
112 206
112 233
112 238
112 244
112 251
112 253
112 254
112 258
112 259
112 265
112 276
112 292
112 295
113 144
113 179
113 190
113 199
113 247
113 256
113 261
113 268
113 275
114 126
114 136
114 150
114 153
114 155
114 157
114 158
114 173
114 191
114 230
114 231
114 246
114 247
114 279
114 282
114 296
115 116
115 124
115 149
115 176
115 181
115 191
115 232
115 236
115 243
115 247
115 269
115 274
115 277
115 282
115 283
116 127
116 149
116 163
116 175
116 176
116 183
116 192
116 197
117 156
117 210
117 214
117 228
117 233
117 240
117 251
117 263
117 276
117 291
118 132
118 150
118 190
118 191
118 200
118 224
118 234
118 249
118 284
118 292
119 127
119 146
119 155
119 163
119 168
119 174
119 180
119 184
119 197
119 199
119 202
119 206
119 240
119 245
119 256
119 268
119 271
119 279
119 290
120 144
120 152
120 163
120 169
120 178
120 198
120 212
120 218
120 219
120 238
120 297
121 124
121 128
121 130
121 152
121 156
121 172
121 179
121 181
121 186
121 201
121 251
121 256
121 266
121 281
122 129
122 140
122 164
122 175
122 218
122 227
122 244
122 249
122 262
123 138
123 162
123 170
123 173
123 190
123 225
123 229
123 234
123 271
123 275
123 276
123 286
123 290
124 126
124 144
124 158
124 165
124 180
124 234
124 236
124 244
124 274
124 282
124 283
124 291
125 139
125 140
125 147
125 151
125 153
125 154
125 163
125 172
125 175
125 179
125 201
125 246
125 250
125 273
125 294
126 134
126 139
126 140
126 192
126 206
126 215
126 237
126 240
126 252
126 256
126 257
126 278
126 281
126 287
126 295
127 157
127 178
127 188
127 194
127 204
127 221
127 240
127 245
127 257
127 279
127 288
128 156
128 174
128 187
128 191
128 198
128 200
128 268
128 291
129 134
129 159
129 201
129 206
129 214
129 232
129 244
129 251
129 257
129 270
129 271
129 277
129 285
129 291
129 299
130 145
130 151
130 163
130 218
130 223
130 230
130 253
130 269
130 272
130 277
130 286
131 174
131 192
131 194
131 204
131 226
131 237
131 242
131 250
131 252
131 260
131 263
131 269
131 275
131 290
131 294
132 159
132 161
132 162
132 171
132 180
132 183
132 185
132 205
132 222
132 238
132 251
132 271
132 274
132 290
132 298
133 151
133 159
133 178
133 228
133 234
133 238
133 241
133 243
133 265
133 269
133 279
133 283
133 295
133 297
133 299
134 135
134 140
134 148
134 162
134 247
134 255
134 256
134 295
135 144
135 148
135 171
135 192
135 202
135 221
135 252
135 259
135 268
135 273
135 291
135 294
135 297
136 139
136 140
136 143
136 144
136 153
136 159
136 160
136 161
136 164
136 175
136 178
136 185
136 191
136 193
136 199
136 200
136 206
136 212
136 216
136 224
136 225
136 230
136 232
136 237
136 240
136 241
136 244
136 245
136 251
136 253
136 259
136 267
136 271
136 273
136 282
136 285
136 286
136 289
136 290
136 293
136 294
136 295
137 158
137 167
137 179
137 189
137 226
137 257
137 262
137 282
137 293
138 153
138 156
138 161
138 184
138 202
138 221
138 222
138 223
138 286
138 290
139 157
139 175
139 176
139 177
139 182
139 183
139 189
139 209
139 231
139 244
139 253
139 297
140 143
140 144
140 145
140 146
140 148
140 152
140 153
140 160
140 161
140 164
140 167
140 169
140 173
140 175
140 177
140 178
140 179
140 180
140 181
140 184
140 188
140 191
140 193
140 199
140 200
140 202
140 204
140 212
140 216
140 227
140 228
140 229
140 230
140 232
140 240
140 241
140 243
140 244
140 246
140 247
140 248
140 251
140 253
140 261
140 265
140 266
140 267
140 270
140 271
140 272
140 273
140 277
140 281
140 282
140 285
140 286
140 287
140 290
140 292
140 295
140 300
141 143
141 164
141 167
141 202
141 207
141 223
141 226
141 233
141 244
141 256
141 257
141 271
141 285
142 145
142 152
142 170
142 196
142 206
142 216
142 217
142 228
142 270
142 280
143 144
143 153
143 162
143 163
143 175
143 183
143 232
143 244
143 246
143 248
143 253
143 270
143 281
143 282
143 285
143 287
143 289
143 294
144 151
144 152
144 153
144 160
144 161
144 164
144 171
144 173
144 175
144 178
144 190
144 191
144 197
144 199
144 200
144 202
144 204
144 209
144 225
144 230
144 234
144 241
144 243
144 244
144 246
144 248
144 249
144 251
144 253
144 259
144 261
144 265
144 272
144 276
144 277
144 282
144 285
144 286
144 287
144 288
144 290
144 293
144 294
144 295
145 149
145 150
145 177
145 185
145 189
145 211
145 213
145 220
145 229
145 234
145 240
145 251
145 253
145 255
145 270
145 276
145 277
145 280
145 286
145 287
145 293
145 295
146 148
146 152
146 158
146 161
146 164
146 178
146 183
146 184
146 191
146 204
146 213
146 218
146 224
146 230
146 234
146 244
146 246
146 261
146 265
146 282
146 286
146 290
146 295
147 166
147 198
147 204
147 206
147 208
147 217
147 234
147 245
148 151
148 176
148 178
148 181
148 198
148 203
148 214
148 227
148 235
148 242
148 251
148 288
148 296
149 152
149 165
149 168
149 213
149 214
149 219
149 221
149 241
150 180
150 186
150 188
150 215
150 260
150 264
150 271
150 298
151 165
151 166
151 185
151 217
151 225
151 228
151 248
151 249
152 177
152 178
152 197
152 202
152 209
152 261
152 265
152 273
152 298
153 165
153 178
153 181
153 187
153 191
153 200
153 207
153 210
153 229
153 236
153 239
153 244
153 265
153 273
153 276
153 291
153 295
154 175
154 185
154 192
154 222
154 226
154 227
154 236
154 246
155 157
155 196
155 198
155 202
155 204
155 213
155 215
155 220
155 230
155 252
155 260
155 270
155 284
155 286
155 292
155 297
156 163
156 189
156 201
156 230
156 239
156 257
156 267
156 270
156 274
156 293
156 299
157 160
157 181
157 199
157 204
157 224
158 169
158 186
158 192
158 199
158 210
158 225
158 247
158 262
158 267
158 278
158 284
158 293
159 162
159 182
159 212
159 215
159 217
159 223
159 239
159 241
159 255
159 257
159 293
159 300
160 163
160 170
160 173
160 188
160 191
160 199
160 200
160 203
160 215
160 218
160 224
160 244
160 251
160 253
160 265
160 286
160 290
160 295
161 164
161 173
161 175
161 178
161 186
161 189
161 191
161 198
161 199
161 200
161 203
161 204
161 206
161 212
161 214
161 227
161 230
161 234
161 241
161 244
161 246
161 248
161 251
161 253
161 261
161 265
161 269
161 285
161 286
161 287
161 290
161 292
161 295
162 164
162 183
162 190
162 200
162 225
162 228
162 257
162 269
162 276
162 296
163 170
163 173
163 180
163 207
163 227
163 236
163 279
163 288
164 189
164 191
164 197
164 202
164 230
164 234
164 244
164 263
164 274
164 285
164 295
165 177
165 182
165 189
165 190
165 192
165 201
165 244
165 272
165 279
165 288
165 290
166 170
166 193
166 198
166 212
166 220
166 235
166 243
166 258
166 261
166 279
166 284
167 179
167 187
167 199
167 218
167 219
167 220
167 244
167 257
167 259
167 260
167 277
167 281
167 290
167 293
168 169
168 175
168 176
168 177
168 207
168 214
168 216
168 223
168 228
168 230
168 242
168 253
168 275
168 287
169 181
169 187
169 195
169 207
169 208
169 238
169 265
169 274
169 292
169 294
169 296
170 187
170 191
170 218
170 225
170 232
170 250
170 252
170 263
170 293
171 174
171 184
171 194
171 195
171 211
171 214
171 239
171 257
171 261
171 266
171 267
171 272
171 278
171 282
171 287
171 293
171 296
172 173
172 178
172 191
172 204
172 224
172 225
172 246
172 258
172 277
173 184
173 185
173 188
173 191
173 200
173 201
173 235
173 244
173 246
173 251
173 268
173 270
173 283
173 293
173 295
174 219
174 224
174 236
174 247
174 263
174 264
174 283
174 286
175 177
175 190
175 191
175 199
175 200
175 204
175 206
175 207
175 225
175 230
175 234
175 244
175 251
175 261
175 264
175 269
175 271
175 272
175 282
175 285
175 290
175 295
176 216
176 249
176 276
176 281
176 290
177 178
177 192
177 196
177 216
177 232
177 233
177 238
177 267
177 268
177 271
177 272
177 277
177 282
177 287
177 290
177 293
177 298
178 182
178 188
178 202
178 208
178 221
178 223
178 228
178 230
178 261
178 267
178 271
178 273
178 276
179 207
179 261
179 278
180 199
180 202
180 226
180 240
180 259
180 267
180 270
181 195
181 203
181 210
181 225
181 237
182 192
182 220
182 234
182 240
182 248
182 254
182 255
182 260
183 198
183 218
183 234
183 253
183 255
183 256
183 257
183 287
184 187
184 190
184 201
184 218
184 223
184 229
184 252
184 257
184 273
184 282
185 189
185 202
185 215
185 217
185 263
185 281
185 292
187 196
187 281
187 294
188 200
188 208
188 231
188 240
188 246
188 280
188 284
188 294
189 211
189 218
189 238
189 248
189 250
189 300
190 203
190 204
190 208
190 250
190 268
190 271
190 272
190 288
190 300
191 196
191 199
191 202
191 204
191 207
191 211
191 213
191 216
191 225
191 226
191 230
191 234
191 241
191 244
191 245
191 246
191 248
191 251
191 253
191 255
191 261
191 270
191 271
191 272
191 282
191 285
191 286
191 288
191 290
191 292
191 295
192 193
192 224
192 264
192 272
192 286
192 290
193 194
193 199
193 203
193 243
193 244
193 245
193 261
193 268
193 271
193 291
193 294
193 295
194 200
194 242
194 248
194 271
194 272
195 200
195 227
195 230
195 239
195 251
195 254
195 256
195 294
195 299
196 223
196 226
196 234
196 251
196 261
196 267
196 274
196 277
196 299
197 223
197 227
197 236
197 246
197 250
197 257
197 260
197 288
197 291
198 224
198 230
198 239
198 244
198 257
198 267
198 268
198 279
198 283
198 299
199 200
199 209
199 221
199 225
199 231
199 244
199 247
199 253
199 266
199 272
199 276
199 279
199 290
199 294
199 295
200 201
200 253
200 264
200 266
200 267
200 275
200 276
200 282
200 295
201 208
201 216
201 233
201 248
201 250
201 295
202 208
202 222
202 227
202 234
202 240
202 244
202 248
202 253
202 260
202 264
202 267
202 289
203 210
203 231
203 257
203 284
204 213
204 227
204 230
204 239
204 244
204 252
204 271
204 277
204 280
205 219
205 233
205 252
205 265
205 267
205 275
205 278
205 295
206 214
206 228
206 231
206 234
206 261
206 262
206 275
206 287
207 215
207 255
207 270
207 284
207 290
208 225
208 236
208 246
208 247
208 250
208 272
208 276
208 296
209 226
209 231
209 234
209 235
209 245
209 265
209 268
209 277
210 216
210 270
210 273
210 280
210 281
210 284
210 287
211 236
211 244
212 278
212 281
212 289
212 299
213 222
213 224
213 230
213 239
213 255
213 259
213 268
213 300
214 219
214 244
214 246
214 287
215 237
215 239
215 246
215 263
215 270
215 281
216 225
216 233
216 244
216 249
216 270
216 286
216 290
217 249
217 269
217 280
218 219
218 230
218 240
218 249
218 261
218 279
218 290
218 299
219 249
219 263
219 264
219 272
219 273
219 293
220 224
220 237
220 240
220 249
220 255
220 258
220 264
220 270
220 278
220 287
220 291
221 222
221 239
221 286
222 226
222 231
222 237
222 238
222 239
222 258
222 275
222 281
223 226
223 231
223 248
223 258
223 279
223 288
224 233
224 259
224 270
224 283
224 295
225 240
225 244
225 253
225 255
225 269
225 270
225 272
225 287
225 294
226 244
226 256
226 260
226 282
226 293
227 234
227 238
227 250
227 258
227 266
227 268
227 270
227 280
228 252
228 271
228 272
228 273
228 278
228 279
228 281
228 292
228 295
229 244
229 246
229 248
229 254
229 292
230 238
230 241
230 244
230 251
230 253
230 255
230 257
230 261
230 269
230 276
230 279
230 282
230 285
230 290
230 295
231 254
231 262
231 275
231 281
231 284
231 297
232 233
232 235
232 240
232 244
232 253
232 257
232 266
232 267
232 270
232 271
232 279
232 282
232 300
233 236
233 237
233 238
233 239
233 240
233 244
233 270
233 275
233 280
233 286
234 238
234 241
234 244
234 263
234 271
234 282
234 289
235 245
235 258
235 287
235 293
236 239
236 240
236 241
236 244
236 256
236 264
236 269
236 270
236 272
236 275
236 280
236 283
236 300
237 239
237 246
237 258
237 261
237 263
237 266
237 267
237 270
237 277
237 280
237 297
237 300
238 271
238 275
238 279
238 292
239 240
239 256
239 258
239 270
239 286
239 287
239 288
239 298
240 252
240 253
240 267
240 269
240 270
240 271
240 277
240 287
240 289
240 295
240 297
241 244
241 252
241 253
241 261
241 271
241 272
241 282
241 285
241 295
242 243
242 244
242 262
242 263
242 267
242 270
242 279
242 296
243 247
243 249
243 250
243 266
243 268
243 273
243 277
243 285
243 288
243 292
244 246
244 248
244 251
244 253
244 256
244 259
244 261
244 267
244 268
244 270
244 271
244 272
244 273
244 275
244 276
244 277
244 281
244 282
244 285
244 286
244 287
244 290
244 295
245 247
245 263
245 265
245 268
245 273
245 280
245 292
245 294
246 247
246 254
246 260
246 261
246 272
246 280
246 282
246 290
246 294
246 299
247 272
247 274
247 294
248 250
248 257
248 260
248 263
248 268
248 276
248 277
248 282
248 289
248 290
248 300
249 253
249 276
249 291
249 296
250 268
251 253
251 262
251 286
251 292
251 295
252 270
253 265
253 268
253 269
253 272
253 282
253 290
253 294
253 295
253 300
254 258
254 259
254 263
255 265
255 268
255 272
255 288
256 264
256 269
256 287
256 299
256 300
257 276
257 287
258 291
259 261
259 264
259 276
259 286
260 262
260 287
260 298
261 265
261 281
261 285
261 290
261 295
262 263
262 271
262 272
262 276
262 283
263 266
263 267
264 279
265 272
265 282
265 292
265 295
265 296
266 274
266 297
267 270
267 277
267 279
267 289
268 270
269 279
270 272
270 280
270 283
270 286
270 287
270 289
270 290
270 293
270 298
271 281
271 282
271 296
271 299
272 284
272 291
273 292
274 297
276 280
276 286
276 296
278 280
278 281
278 290
279 286
279 296
279 299
280 284
280 293
282 286
282 295
283 298
283 300
285 286
285 295
286 290
286 295
286 297
287 293
288 296
289 290
289 291
290 294
290 295
299 300
