1 13
1 14
1 20
1 23
1 49
1 51
1 110
1 118
1 124
1 131
1 178
1 190
1 207
1 212
1 223
1 229
1 231
1 233
1 249
1 254
1 261
1 263
1 265
2 13
2 23
2 25
2 32
2 47
2 74
2 103
2 104
2 105
2 111
2 118
2 128
2 145
2 156
2 172
2 179
2 188
2 196
2 227
2 248
2 278
2 287
3 16
3 20
3 26
3 31
3 41
3 65
3 84
3 92
3 135
3 138
3 146
3 148
3 153
3 165
3 187
3 197
3 198
3 210
3 212
3 213
3 228
3 233
3 234
3 235
3 259
3 264
3 271
3 275
3 278
3 281
3 283
3 287
4 25
4 27
4 52
4 63
4 65
4 75
4 129
4 141
4 178
4 207
4 211
4 213
4 239
4 257
4 277
5 8
5 11
5 14
5 15
5 17
5 25
5 32
5 46
5 50
5 56
5 92
5 96
5 111
5 118
5 123
5 125
5 136
5 139
5 160
5 178
5 190
5 198
5 201
5 210
5 212
5 233
5 247
5 252
5 253
5 257
5 259
5 262
5 263
5 269
5 271
5 283
5 284
5 286
5 287
5 292
6 51
6 73
6 102
6 126
6 148
6 188
6 189
6 237
6 261
6 270
6 275
6 292
7 8
7 19
7 23
7 44
7 50
7 63
7 72
7 80
7 85
7 90
7 93
7 109
7 127
7 132
7 135
7 145
7 146
7 151
7 185
7 190
7 191
7 196
7 201
7 204
7 212
7 219
7 233
7 240
7 257
7 273
7 274
7 287
7 292
8 14
8 16
8 17
8 19
8 23
8 24
8 27
8 29
8 32
8 35
8 38
8 41
8 42
8 44
8 46
8 50
8 51
8 54
8 63
8 68
8 75
8 82
8 85
8 88
8 91
8 92
8 93
8 101
8 102
8 103
8 109
8 118
8 120
8 123
8 125
8 127
8 134
8 135
8 136
8 139
8 146
8 148
8 151
8 153
8 154
8 155
8 163
8 165
8 168
8 169
8 170
8 172
8 188
8 190
8 191
8 194
8 196
8 197
8 200
8 201
8 202
8 205
8 208
8 210
8 212
8 214
8 217
8 223
8 226
8 231
8 232
8 233
8 234
8 241
8 242
8 245
8 246
8 247
8 248
8 249
8 252
8 253
8 257
8 258
8 259
8 260
8 262
8 263
8 264
8 270
8 271
8 274
8 278
8 284
8 285
8 287
8 292
8 294
8 300
9 14
9 25
9 51
9 60
9 70
9 99
9 118
9 135
9 137
9 151
9 152
9 161
9 166
9 167
9 173
9 178
9 212
9 230
9 277
9 287
9 292
9 300
10 19
10 22
10 33
10 34
10 57
10 104
10 122
10 142
10 160
10 178
10 179
10 180
10 187
10 193
10 197
10 198
10 207
10 252
10 264
10 276
10 287
11 43
11 49
11 52
11 62
11 72
11 83
11 95
11 104
11 106
11 112
11 133
11 134
11 145
11 147
11 172
11 179
11 181
11 253
11 262
11 276
11 283
12 36
12 53
12 54
12 58
12 83
12 91
12 100
12 128
12 190
12 232
12 240
12 248
12 270
12 285
13 18
13 29
13 48
13 68
13 79
13 108
13 112
13 125
13 136
13 183
13 194
13 218
13 238
13 262
13 279
14 16
14 19
14 32
14 35
14 36
14 42
14 58
14 61
14 91
14 93
14 101
14 102
14 103
14 109
14 118
14 122
14 123
14 125
14 135
14 139
14 148
14 179
14 190
14 201
14 210
14 212
14 217
14 226
14 233
14 243
14 247
14 248
14 249
14 253
14 259
14 263
14 287
14 292
14 293
15 33
15 76
15 81
15 92
15 102
15 121
15 152
15 169
15 178
15 188
15 197
15 202
15 205
15 224
15 238
15 273
15 274
16 18
16 19
16 23
16 24
16 32
16 46
16 63
16 85
16 92
16 93
16 95
16 99
16 109
16 114
16 118
16 120
16 123
16 127
16 135
16 138
16 139
16 143
16 148
16 156
16 165
16 170
16 185
16 190
16 201
16 202
16 203
16 208
16 210
16 212
16 214
16 215
16 219
16 221
16 222
16 224
16 226
16 232
16 233
16 247
16 248
16 254
16 257
16 259
16 273
16 274
16 278
16 283
16 284
16 287
16 300
17 19
17 23
17 35
17 51
17 58
17 63
17 66
17 71
17 72
17 91
17 93
17 101
17 109
17 118
17 125
17 131
17 132
17 134
17 135
17 139
17 148
17 150
17 153
17 154
17 155
17 168
17 169
17 172
17 178
17 190
17 198
17 201
17 210
17 211
17 212
17 226
17 233
17 241
17 248
17 249
17 253
17 257
17 259
17 263
17 271
17 284
17 287
17 292
17 293
18 19
18 23
18 35
18 41
18 47
18 51
18 65
18 99
18 111
18 128
18 172
18 194
18 201
18 223
18 225
18 234
18 241
18 256
18 259
18 294
19 23
19 35
19 38
19 45
19 51
19 55
19 58
19 65
19 66
19 68
19 85
19 86
19 91
19 92
19 93
19 95
19 105
19 106
19 109
19 118
19 123
19 130
19 134
19 135
19 148
19 153
19 155
19 167
19 171
19 172
19 175
19 190
19 191
19 201
19 202
19 210
19 212
19 221
19 226
19 229
19 233
19 242
19 249
19 253
19 257
19 259
19 264
19 271
19 273
19 279
19 282
19 287
19 292
20 22
20 43
20 52
20 81
20 99
20 100
20 112
20 120
20 133
20 144
20 160
20 172
20 210
20 236
20 248
20 254
20 262
20 276
20 280
21 53
21 62
21 72
21 101
21 107
21 116
21 124
21 142
21 162
21 178
21 205
21 211
21 221
21 222
21 243
21 276
21 299
22 27
22 44
22 47
22 56
22 59
22 84
22 144
22 149
22 167
22 176
22 184
22 230
22 271
22 289
22 294
23 24
23 25
23 29
23 32
23 40
23 42
23 46
23 50
23 54
23 63
23 78
23 85
23 89
23 91
23 92
23 93
23 101
23 102
23 109
23 111
23 118
23 120
23 122
23 123
23 124
23 140
23 145
23 150
23 151
23 152
23 153
23 154
23 160
23 168
23 173
23 179
23 184
23 189
23 190
23 191
23 194
23 195
23 196
23 198
23 201
23 202
23 205
23 210
23 212
23 214
23 233
23 235
23 246
23 247
23 248
23 252
23 253
23 255
23 256
23 257
23 259
23 263
23 269
23 271
23 272
23 274
23 276
23 285
23 286
23 287
23 292
24 26
24 31
24 32
24 34
24 86
24 91
24 92
24 93
24 104
24 109
24 135
24 139
24 148
24 149
24 153
24 154
24 155
24 180
24 182
24 190
24 201
24 210
24 212
24 222
24 226
24 241
24 248
24 253
24 259
24 260
24 270
24 272
24 274
24 278
24 281
24 282
24 285
24 287
24 289
24 292
24 296
25 74
25 78
25 97
25 110
25 112
25 131
25 145
25 152
25 169
25 173
25 181
25 183
25 186
25 210
25 215
25 237
25 241
25 252
25 257
25 262
26 48
26 58
26 66
26 73
26 87
26 92
26 93
26 103
26 112
26 131
26 133
26 148
26 151
26 225
26 241
26 270
26 292
26 294
27 55
27 85
27 91
27 95
27 109
27 122
27 129
27 163
27 164
27 171
27 177
27 179
27 182
27 189
27 210
27 211
27 217
27 226
27 232
27 256
27 286
27 287
27 288
27 300
28 83
28 84
28 119
28 136
28 148
28 172
28 173
28 175
28 183
28 189
28 196
28 260
28 282
28 287
28 296
28 300
29 50
29 82
29 127
29 146
29 148
29 149
29 189
29 193
29 195
29 202
29 208
29 234
29 248
29 254
29 263
29 287
30 48
30 53
30 62
30 70
30 76
30 98
30 101
30 126
30 130
30 153
30 169
30 186
30 204
30 216
30 232
30 247
30 251
30 284
31 33
31 56
31 65
31 68
31 78
31 94
31 108
31 121
31 128
31 129
31 141
31 143
31 153
31 155
31 161
31 175
31 222
31 265
31 266
31 277
31 287
32 35
32 38
32 42
32 46
32 63
32 65
32 67
32 81
32 91
32 93
32 101
32 102
32 109
32 114
32 118
32 122
32 123
32 127
32 128
32 131
32 144
32 148
32 151
32 153
32 168
32 169
32 172
32 189
32 190
32 198
32 199
32 201
32 208
32 210
32 212
32 217
32 220
32 225
32 226
32 233
32 241
32 242
32 244
32 247
32 248
32 249
32 253
32 259
32 262
32 263
32 271
32 279
32 284
32 285
32 287
32 291
32 292
33 40
33 43
33 80
33 112
33 122
33 139
33 160
33 164
33 167
33 168
33 177
33 184
33 206
33 218
33 226
33 236
33 242
33 260
33 294
34 49
34 60
34 69
34 99
34 103
34 110
34 112
34 128
34 131
34 139
34 203
34 265
34 278
34 281
35 46
35 47
35 61
35 63
35 69
35 72
35 77
35 91
35 92
35 93
35 101
35 104
35 109
35 118
35 125
35 127
35 134
35 136
35 146
35 167
35 185
35 190
35 193
35 194
35 201
35 202
35 212
35 224
35 236
35 248
35 253
35 257
35 259
35 263
35 284
35 287
35 292
36 46
36 89
36 103
36 107
36 109
36 111
36 131
36 137
36 139
36 142
36 147
36 154
36 186
36 220
36 234
36 236
36 270
36 271
37 93
37 103
37 104
37 120
37 131
37 135
37 139
37 148
37 178
37 181
37 205
37 212
37 217
37 226
37 232
37 287
38 39
38 42
38 58
38 75
38 92
38 93
38 102
38 110
38 118
38 125
38 139
38 156
38 158
38 159
38 160
38 162
38 170
38 175
38 190
38 196
38 197
38 199
38 201
38 210
38 212
38 224
38 233
38 235
38 241
38 245
38 248
38 253
38 259
38 271
38 272
38 277
38 287
38 292
38 299
39 82
39 93
39 95
39 108
39 110
39 116
39 117
39 151
39 153
39 170
39 198
39 204
39 249
39 252
39 292
40 63
40 109
40 121
40 132
40 140
40 147
40 154
40 188
40 194
40 207
40 210
40 228
40 233
40 238
40 252
40 261
40 283
40 287
40 289
40 298
41 43
41 49
41 63
41 64
41 65
41 67
41 98
41 110
41 188
41 197
41 202
41 213
41 241
41 245
41 287
41 290
42 53
42 63
42 78
42 79
42 91
42 92
42 93
42 102
42 109
42 118
42 125
42 141
42 160
42 167
42 168
42 169
42 173
42 174
42 179
42 186
42 193
42 197
42 201
42 208
42 212
42 215
42 216
42 221
42 226
42 233
42 234
42 248
42 253
42 259
42 263
42 271
42 276
42 287
42 292
43 54
43 77
43 83
43 99
43 126
43 160
43 175
43 184
43 255
43 275
43 283
43 285
44 68
44 77
44 107
44 118
44 124
44 127
44 188
44 209
44 210
44 252
44 269
44 277
44 295
45 54
45 116
45 156
45 167
45 201
45 212
45 237
45 255
45 276
45 300
46 51
46 69
46 72
46 86
46 91
46 92
46 93
46 101
46 102
46 109
46 114
46 118
46 125
46 135
46 136
46 139
46 144
46 148
46 153
46 155
46 157
46 162
46 166
46 190
46 192
46 201
46 205
46 212
46 217
46 219
46 233
46 246
46 253
46 259
46 263
46 264
46 269
46 273
46 286
46 287
47 55
47 56
47 81
47 99
47 137
47 158
47 175
47 185
47 188
47 213
47 220
47 242
47 270
47 282
47 287
47 300
48 49
48 70
48 178
48 188
48 194
48 207
48 227
48 236
48 244
48 280
48 290
48 300
49 60
49 94
49 105
49 177
49 188
49 199
49 244
49 261
49 268
49 273
49 276
49 283
50 88
50 95
50 103
50 109
50 128
50 152
50 156
50 161
50 179
50 189
50 198
50 202
50 218
50 253
50 267
50 270
50 276
50 286
50 287
50 294
51 55
51 69
51 71
51 114
51 120
51 131
51 132
51 133
51 136
51 156
51 172
51 194
51 198
51 245
51 249
51 292
52 78
52 80
52 82
52 89
52 109
52 121
52 130
52 131
52 137
52 142
52 149
52 151
52 181
52 188
52 194
52 215
52 236
52 253
52 257
52 283
52 287
52 297
53 78
53 79
53 96
53 101
53 107
53 109
53 114
53 125
53 128
53 144
53 148
53 169
53 198
53 203
53 208
53 224
53 233
53 240
53 246
53 252
53 258
53 275
54 66
54 120
54 122
54 133
54 145
54 159
54 164
54 165
54 167
54 191
54 212
54 233
54 238
54 264
54 285
55 67
55 84
55 92
55 127
55 134
55 161
55 189
55 229
55 272
56 67
56 71
56 85
56 128
56 139
56 162
56 171
56 189
56 294
56 300
57 96
57 172
57 201
57 287
57 288
58 78
58 86
58 107
58 214
58 218
58 227
58 233
58 235
58 250
59 74
59 80
59 90
59 119
59 131
59 139
59 145
59 226
59 240
59 259
59 265
59 268
59 271
60 64
60 89
60 91
60 110
60 126
60 138
60 145
60 208
60 209
60 213
60 235
60 242
60 300
61 63
61 104
61 124
61 129
61 142
61 179
61 195
61 230
61 258
61 259
61 288
62 64
62 70
62 82
62 83
62 89
62 130
62 140
62 145
62 169
62 170
62 175
62 204
62 221
62 240
62 287
62 289
62 290
63 65
63 67
63 69
63 84
63 90
63 91
63 101
63 109
63 116
63 118
63 119
63 120
63 122
63 123
63 124
63 125
63 135
63 139
63 142
63 148
63 151
63 157
63 165
63 167
63 168
63 172
63 179
63 188
63 190
63 198
63 201
63 203
63 205
63 206
63 207
63 212
63 215
63 217
63 225
63 226
63 233
63 246
63 249
63 253
63 255
63 257
63 259
63 263
63 267
63 274
63 286
63 287
63 292
64 65
64 97
64 137
64 151
64 212
64 247
65 74
65 84
65 92
65 95
65 109
65 110
65 111
65 112
65 113
65 135
65 146
65 168
65 190
65 201
65 206
65 207
65 212
65 278
65 296
66 81
66 113
66 147
66 208
66 210
66 216
66 267
66 285
66 288
67 69
67 76
67 136
67 144
67 170
67 227
67 241
67 246
67 284
67 289
68 124
68 145
68 146
68 167
68 184
68 229
68 235
68 249
68 255
68 267
68 274
68 292
69 75
69 91
69 105
69 116
69 118
69 127
69 168
69 172
69 180
69 212
69 220
69 255
69 258
69 296
70 71
70 120
70 132
70 137
70 186
70 203
70 238
70 240
70 250
70 251
70 258
70 267
70 281
70 283
70 288
71 73
71 74
71 81
71 92
71 97
71 102
71 139
71 163
71 175
71 204
71 218
71 226
71 244
71 268
71 282
71 283
72 78
72 126
72 130
72 133
72 156
72 199
72 201
72 253
72 258
72 277
73 102
73 148
73 165
73 168
73 173
73 190
73 193
73 197
73 201
73 202
73 204
73 214
73 237
73 239
73 287
74 81
74 87
74 96
74 132
74 153
74 201
74 282
74 297
75 82
75 92
75 150
75 154
75 157
75 158
75 165
75 190
75 194
75 212
75 226
75 232
75 247
75 254
75 260
75 261
75 265
75 272
75 274
75 277
75 287
76 88
76 91
76 105
76 156
76 162
76 183
76 247
76 253
76 255
76 265
76 286
76 287
76 292
77 91
77 116
77 130
77 131
77 168
77 171
77 186
77 224
77 253
77 255
77 278
77 290
77 298
78 88
78 109
78 128
78 161
78 177
78 190
78 191
78 211
78 212
78 213
78 219
78 255
78 275
78 287
78 295
78 300
79 87
79 98
79 102
79 109
79 118
79 125
79 162
79 178
79 190
79 196
79 212
79 222
79 224
79 225
79 242
79 287
79 296
80 94
80 96
80 104
80 118
80 129
80 134
80 178
80 179
80 198
80 240
80 253
80 262
80 281
81 85
81 87
81 94
81 109
81 117
81 127
81 132
81 137
81 145
81 167
81 179
81 182
81 186
81 196
81 202
81 249
82 96
82 148
82 161
82 186
82 201
82 208
82 238
82 247
82 276
82 296
83 91
83 103
83 112
83 119
83 126
83 136
83 138
83 142
83 143
83 153
83 164
83 182
83 198
83 217
83 232
83 235
83 241
83 248
83 281
83 282
83 289
83 294
84 156
84 158
84 182
84 185
84 202
84 209
84 221
84 242
84 261
84 267
85 92
85 93
85 95
85 101
85 109
85 113
85 118
85 135
85 137
85 176
85 188
85 201
85 212
85 219
85 233
85 241
85 258
85 259
85 282
85 287
86 116
86 150
86 160
86 164
86 259
86 261
86 268
86 273
87 100
87 109
87 134
87 135
87 153
87 189
87 215
87 216
87 218
87 220
87 239
87 241
87 260
87 277
88 91
88 96
88 130
88 138
88 139
88 150
88 159
88 212
88 246
88 251
88 267
88 271
88 287
89 99
89 111
89 121
89 223
89 226
89 237
89 255
89 258
89 265
89 283
90 115
90 122
90 133
90 134
90 139
90 140
90 143
90 209
90 210
90 215
90 285
91 92
91 93
91 95
91 102
91 109
91 118
91 122
91 123
91 125
91 127
91 135
91 138
91 139
91 153
91 160
91 170
91 184
91 190
91 196
91 199
91 201
91 209
91 210
91 212
91 214
91 224
91 226
91 233
91 241
91 242
91 246
91 248
91 252
91 253
91 254
91 257
91 259
91 262
91 263
91 264
91 285
91 286
91 287
91 292
91 295
92 93
92 101
92 102
92 103
92 109
92 118
92 122
92 135
92 139
92 145
92 148
92 153
92 160
92 172
92 173
92 175
92 190
92 197
92 201
92 209
92 210
92 212
92 217
92 226
92 233
92 234
92 238
92 253
92 257
92 259
92 263
92 264
92 268
92 271
92 274
92 287
92 292
92 297
92 298
92 300
93 94
93 101
93 103
93 109
93 118
93 123
93 133
93 135
93 147
93 148
93 151
93 153
93 156
93 165
93 172
93 190
93 197
93 201
93 210
93 212
93 222
93 226
93 232
93 233
93 234
93 253
93 255
93 257
93 259
93 262
93 263
93 271
93 275
93 284
93 286
93 287
93 291
93 292
94 107
94 123
94 150
94 155
94 165
94 190
94 200
94 201
94 206
94 209
94 210
94 212
94 213
94 217
94 238
94 258
94 263
94 265
94 287
94 292
95 143
95 199
95 218
95 232
95 255
95 257
95 274
95 286
95 287
95 295
96 100
96 104
96 158
96 177
96 194
96 222
96 226
96 240
96 247
96 259
96 267
96 270
97 98
97 123
97 132
97 139
97 140
97 207
97 220
97 222
97 248
97 253
97 278
97 282
97 287
97 290
97 292
98 121
98 123
98 131
98 179
98 196
98 218
98 233
98 236
99 101
99 103
99 105
99 132
99 150
99 162
99 172
99 187
99 208
99 214
99 224
99 226
99 237
99 238
99 251
99 253
99 286
99 292
100 118
100 134
100 142
100 153
100 190
100 201
100 218
100 221
100 223
100 244
100 276
100 278
100 288
101 102
101 103
101 116
101 118
101 120
101 125
101 131
101 135
101 140
101 148
101 153
101 155
101 165
101 169
101 190
101 198
101 201
101 210
101 212
101 217
101 220
101 225
101 233
101 242
101 248
101 249
101 252
101 253
101 257
101 259
101 261
101 262
101 263
101 280
101 287
101 292
102 103
102 114
102 118
102 139
102 163
102 190
102 201
102 209
102 210
102 212
102 226
102 233
102 234
102 236
102 253
102 263
102 269
102 271
102 282
102 287
102 300
103 107
103 111
103 118
103 122
103 135
103 159
103 160
103 179
103 186
103 189
103 190
103 201
103 210
103 232
103 233
103 240
103 248
103 249
103 253
103 257
103 263
103 268
103 284
103 287
103 292
104 126
104 131
104 137
104 149
104 221
104 224
104 231
104 232
104 246
104 255
104 259
104 273
104 289
104 298
105 106
105 112
105 113
105 120
105 152
105 157
105 163
105 180
105 183
105 192
105 203
105 221
105 264
105 276
106 107
106 126
106 145
106 158
106 170
106 174
106 179
106 181
106 191
106 194
106 213
106 244
106 267
106 268
106 270
106 272
106 293
107 116
107 122
107 161
107 163
107 172
107 177
107 189
107 227
107 240
107 251
107 270
107 281
107 296
107 298
108 134
108 157
108 160
108 163
108 191
108 192
108 222
108 232
108 239
108 277
109 118
109 123
109 125
109 126
109 135
109 148
109 153
109 165
109 167
109 168
109 170
109 179
109 184
109 185
109 188
109 190
109 196
109 201
109 207
109 210
109 212
109 217
109 225
109 226
109 227
109 230
109 232
109 233
109 241
109 243
109 246
109 247
109 248
109 249
109 252
109 253
109 255
109 259
109 263
109 276
109 280
109 282
109 285
109 287
109 292
109 294
109 297
109 299
110 124
110 155
110 179
110 201
110 205
110 212
110 213
110 273
110 283
110 290
111 179
111 190
111 199
111 201
111 212
111 216
111 230
111 232
111 239
111 244
111 266
111 287
112 116
112 126
112 129
112 143
112 171
112 181
112 185
112 193
112 197
112 199
112 206
112 251
112 258
112 276
113 176
113 190
113 199
113 268
114 150
114 155
114 165
114 173
114 219
114 230
114 278
114 279
114 290
114 293
114 296
115 140
115 146
115 166
115 176
115 181
115 269
115 277
115 287
115 290
116 127
116 132
116 175
116 183
116 184
116 197
116 242
117 146
117 152
117 155
117 210
117 221
117 224
117 233
117 256
117 263
117 276
117 287
118 120
118 122
118 125
118 127
118 131
118 135
118 139
118 144
118 148
118 150
118 153
118 154
118 160
118 167
118 168
118 169
118 170
118 172
118 178
118 179
118 183
118 184
118 190
118 191
118 196
118 198
118 201
118 210
118 212
118 217
118 224
118 226
118 233
118 241
118 242
118 248
118 249
118 253
118 255
118 257
118 259
118 262
118 263
118 271
118 274
118 279
118 284
118 285
118 286
118 287
118 288
118 292
118 294
119 127
119 146
119 163
119 164
119 199
119 206
119 234
119 270
119 271
119 273
120 135
120 144
120 148
120 152
120 163
120 174
120 187
120 188
120 190
120 198
120 201
120 212
120 215
120 218
120 219
120 226
120 287
121 122
121 127
121 139
121 156
121 172
121 179
121 187
121 201
121 204
121 244
121 286
122 125
122 127
122 148
122 155
122 160
122 164
122 168
122 172
122 190
122 199
122 201
122 210
122 212
122 217
122 226
122 227
122 233
122 249
122 250
122 253
122 257
122 259
122 263
122 271
122 287
122 300
123 125
123 135
123 139
123 148
123 173
123 190
123 201
123 210
123 212
123 217
123 220
123 225
123 226
123 229
123 233
123 243
123 247
123 248
123 249
123 253
123 257
123 259
123 274
123 285
123 287
123 289
123 290
123 292
124 142
124 149
124 150
124 173
124 236
124 274
124 286
124 291
125 139
125 153
125 168
125 178
125 190
125 198
125 201
125 208
125 210
125 212
125 217
125 233
125 241
125 246
125 253
125 259
125 261
125 263
125 271
125 275
125 284
125 287
125 294
126 134
126 139
126 147
126 152
126 161
126 162
126 192
126 193
126 198
126 210
126 212
126 241
126 287
126 290
126 295
127 139
127 146
127 170
127 190
127 201
127 209
127 212
127 221
127 228
127 233
127 234
127 245
127 248
127 259
127 287
128 139
128 156
128 179
128 185
128 191
128 198
128 200
128 268
129 156
129 159
129 176
129 200
129 201
129 214
129 240
129 251
130 145
130 223
130 230
130 253
130 277
131 138
131 164
131 174
131 177
131 192
131 203
131 205
131 233
131 237
131 244
131 260
131 278
131 290
131 292
131 300
132 133
132 134
132 149
132 155
132 161
132 162
132 182
132 183
132 190
132 201
132 249
132 251
132 253
132 287
132 292
132 298
133 145
133 151
133 204
133 228
133 234
133 251
133 269
133 279
133 283
133 295
133 297
134 135
134 142
134 145
134 171
134 247
134 284
134 298
135 148
135 150
135 153
135 168
135 172
135 179
135 190
135 196
135 197
135 201
135 202
135 205
135 207
135 210
135 212
135 221
135 225
135 226
135 233
135 241
135 248
135 249
135 253
135 259
135 262
135 268
135 273
135 284
135 287
135 291
135 292
135 293
135 297
136 154
136 156
136 159
136 178
136 184
136 185
136 188
136 206
136 207
136 212
136 218
136 224
136 240
136 268
136 285
137 178
137 190
137 228
137 233
137 242
137 257
137 262
137 279
138 161
138 195
138 199
138 202
138 209
138 222
138 223
138 243
138 247
138 268
138 270
138 274
138 281
138 286
139 147
139 148
139 157
139 168
139 170
139 183
139 190
139 201
139 209
139 210
139 212
139 218
139 224
139 226
139 242
139 246
139 247
139 249
139 253
139 255
139 259
139 262
139 273
139 287
139 292
140 179
140 184
140 199
140 215
140 217
140 257
140 266
140 285
140 289
140 294
140 295
141 160
141 161
141 167
141 207
141 226
141 233
141 244
141 283
141 285
142 145
142 155
142 156
142 166
142 196
142 217
142 228
142 245
142 250
142 253
142 255
142 267
142 270
142 274
142 287
143 162
143 200
143 249
143 256
143 289
143 294
144 151
144 181
144 190
144 201
144 202
144 222
144 233
144 256
144 263
144 292
144 297
145 149
145 185
145 189
145 199
145 253
145 277
145 284
145 295
146 151
146 158
146 168
146 182
146 183
146 212
146 213
146 254
146 287
147 166
147 171
147 192
147 205
147 206
147 217
147 221
147 249
147 286
148 153
148 165
148 178
148 190
148 196
148 197
148 201
148 203
148 205
148 207
148 210
148 212
148 214
148 220
148 225
148 226
148 227
148 233
148 241
148 242
148 247
148 248
148 249
148 251
148 253
148 257
148 259
148 262
148 263
148 264
148 271
148 272
148 278
148 284
148 285
148 287
148 292
148 297
149 152
149 168
149 193
149 236
149 248
149 259
150 169
150 181
150 210
150 212
150 260
150 278
150 287
150 291
150 298
150 300
151 190
151 194
151 210
151 212
151 228
151 241
151 248
151 263
151 287
152 177
152 178
152 193
152 205
152 219
152 238
152 261
152 274
153 165
153 166
153 201
153 207
153 210
153 212
153 226
153 231
153 233
153 241
153 243
153 247
153 253
153 262
153 265
153 268
153 271
153 273
153 276
153 287
154 159
154 192
154 218
154 222
154 226
154 227
154 233
154 241
154 260
154 285
155 163
155 167
155 221
156 157
156 178
156 189
156 201
156 230
156 281
156 293
157 165
157 179
157 181
157 235
157 249
157 262
157 299
158 169
158 176
158 186
158 222
158 237
158 243
158 247
158 262
158 263
158 284
159 184
159 201
159 202
159 206
159 214
159 215
159 223
159 233
159 255
159 256
159 257
159 262
159 263
159 298
159 300
160 163
160 167
160 170
160 178
160 186
160 190
160 201
160 210
160 212
160 216
160 217
160 218
160 233
160 234
160 248
160 253
160 257
160 261
160 264
160 273
160 287
161 198
161 206
161 212
161 214
161 219
161 224
161 261
161 267
161 268
161 269
161 287
161 297
162 169
162 183
162 203
162 228
162 241
162 247
162 257
162 268
162 288
162 296
162 300
163 170
163 177
163 210
163 227
163 288
164 185
164 188
164 189
164 203
164 263
165 171
165 179
165 186
165 189
165 190
165 195
165 201
165 210
165 212
165 217
165 244
165 259
165 272
165 283
165 287
166 170
166 176
166 193
166 198
166 201
166 204
166 217
166 235
166 252
166 257
166 261
166 279
166 287
166 292
166 296
167 179
167 181
167 185
167 187
167 219
167 259
167 261
167 270
167 271
167 286
168 169
168 170
168 190
168 210
168 212
168 223
168 230
168 241
168 242
168 243
168 248
168 253
168 263
168 285
168 287
169 190
169 195
169 201
169 207
169 208
169 212
169 226
169 232
169 243
169 248
169 252
169 253
169 274
169 285
169 287
169 288
169 292
169 294
169 299
170 177
170 179
170 190
170 210
170 225
170 226
170 248
170 249
170 253
170 259
170 271
170 273
170 287
170 292
170 293
170 300
171 214
171 226
171 237
171 239
171 249
171 267
171 287
172 175
172 179
172 190
172 191
172 192
172 201
172 210
172 212
172 233
172 246
172 259
172 261
172 262
172 271
172 275
172 287
172 296
173 201
173 217
173 235
173 238
173 248
173 254
173 274
173 283
174 218
174 219
174 277
174 278
175 240
175 251
175 252
175 281
175 288
176 179
176 188
176 216
176 222
176 225
176 239
176 265
176 276
176 285
177 188
177 190
177 192
177 216
177 233
177 239
177 242
177 267
178 180
178 182
178 188
178 194
178 198
178 202
178 208
178 210
178 216
178 218
178 221
178 223
178 253
178 287
179 183
179 186
179 190
179 201
179 210
179 212
179 217
179 246
179 248
179 249
179 252
179 253
179 257
179 259
179 262
179 280
179 287
179 289
179 292
180 190
180 210
180 259
181 210
181 219
181 224
181 228
181 244
182 190
182 192
182 232
182 234
182 248
182 254
182 255
182 279
183 201
183 233
183 253
183 255
183 256
183 257
183 285
183 287
184 201
184 233
184 242
184 254
184 257
184 295
185 202
185 216
185 229
185 231
185 257
185 272
185 280
185 283
185 290
185 300
186 198
186 228
186 236
186 267
186 270
187 191
187 226
187 229
187 263
187 285
188 201
188 210
188 212
188 231
188 240
188 259
188 267
188 287
189 211
189 238
189 248
189 252
189 300
190 196
190 197
190 198
190 201
190 207
190 210
190 212
190 217
190 224
190 225
190 226
190 230
190 233
190 241
190 242
190 244
190 247
190 248
190 249
190 252
190 253
190 257
190 259
190 261
190 262
190 268
190 271
190 274
190 278
190 284
190 285
190 286
190 287
190 292
190 300
191 196
191 211
191 212
191 233
191 245
191 270
191 279
191 286
191 287
191 288
192 204
192 230
192 247
192 257
192 294
193 199
193 247
193 261
193 294
194 212
194 225
194 235
194 241
194 272
194 287
194 298
195 249
195 254
195 279
195 294
196 201
196 212
196 226
196 228
196 233
196 234
196 244
196 248
196 251
196 258
196 259
196 269
196 270
196 287
196 292
197 201
197 206
197 210
197 212
197 227
197 250
197 264
197 287
198 210
198 212
198 225
198 226
198 248
198 249
198 250
198 253
198 254
198 257
198 259
198 262
198 263
198 268
198 271
198 273
198 274
198 287
198 292
199 212
199 231
199 236
199 245
199 252
199 254
199 272
199 287
199 295
200 201
200 210
200 212
200 224
200 225
200 258
200 259
200 265
200 266
200 271
200 275
200 287
200 292
201 207
201 210
201 212
201 214
201 216
201 217
201 225
201 226
201 233
201 235
201 241
201 242
201 247
201 248
201 249
201 252
201 253
201 254
201 257
201 259
201 262
201 263
201 268
201 271
201 274
201 278
201 282
201 285
201 287
201 292
201 294
201 300
202 212
202 215
202 222
202 287
203 210
203 231
203 284
203 300
204 216
204 251
204 252
204 257
204 271
204 276
204 280
204 284
205 212
205 219
205 252
205 264
205 265
205 275
205 276
205 287
205 288
206 228
206 231
206 235
206 298
206 300
207 210
207 212
207 215
207 223
207 244
207 247
207 248
207 249
207 260
207 265
207 286
207 287
207 297
208 246
208 247
208 250
208 276
209 226
209 231
209 235
209 268
210 212
210 217
210 224
210 225
210 226
210 233
210 234
210 236
210 241
210 242
210 246
210 247
210 248
210 249
210 253
210 257
210 259
210 262
210 263
210 270
210 271
210 274
210 278
210 279
210 280
210 285
210 286
210 287
210 292
210 294
210 297
210 300
211 220
211 236
211 300
212 214
212 217
212 225
212 226
212 233
212 241
212 242
212 245
212 246
212 247
212 248
212 249
212 250
212 253
212 257
212 259
212 260
212 262
212 263
212 268
212 271
212 272
212 274
212 278
212 284
212 285
212 286
212 287
212 289
212 292
212 294
212 299
213 230
213 255
213 291
213 300
214 246
214 251
214 253
214 259
214 287
215 263
215 278
215 281
215 287
216 224
216 265
216 299
217 249
217 250
217 259
217 264
217 269
217 287
217 297
218 219
218 230
218 290
219 273
220 249
220 258
220 264
221 222
221 286
222 226
222 237
222 238
222 258
222 260
222 263
222 267
222 281
223 226
223 231
223 268
223 279
223 282
223 287
224 283
224 287
225 233
225 238
225 240
225 248
225 253
225 259
225 287
225 299
226 233
226 241
226 250
226 253
226 256
226 259
226 260
226 262
226 263
226 269
226 271
226 282
226 287
226 292
226 293
227 238
227 273
227 275
227 277
227 288
228 239
228 279
229 248
229 249
229 254
229 276
229 284
230 238
230 247
230 255
230 257
230 276
230 287
231 233
231 249
231 259
231 262
231 281
231 286
231 297
232 248
232 255
232 267
232 300
233 241
233 242
233 248
233 249
233 250
233 252
233 253
233 257
233 259
233 263
233 264
233 271
233 275
233 285
233 287
233 292
233 300
234 251
234 263
234 266
234 276
234 286
234 289
234 300
235 245
235 277
235 287
235 289
235 293
236 264
236 269
236 275
236 299
237 239
237 258
237 263
237 266
237 267
237 270
237 286
237 296
237 297
238 251
238 265
238 270
238 279
239 256
239 258
239 263
239 287
240 252
240 279
240 298
241 248
241 252
241 253
241 255
241 259
241 282
241 287
242 244
242 253
242 259
242 267
242 287
243 256
243 266
243 268
243 278
243 288
244 260
244 271
244 275
244 298
245 247
245 273
245 280
245 289
245 294
246 249
246 254
246 259
246 260
246 263
246 272
246 280
246 286
246 287
247 256
247 259
247 272
247 274
247 284
247 286
247 287
247 292
248 250
248 252
248 253
248 257
248 259
248 260
248 263
248 271
248 274
248 276
248 287
248 292
249 253
249 257
249 259
249 263
249 287
249 291
250 255
250 268
250 269
250 287
250 288
251 296
251 297
251 298
252 259
252 263
252 270
252 285
252 287
252 298
253 257
253 259
253 262
253 263
253 270
253 271
253 285
253 286
253 287
253 290
253 292
253 295
253 300
254 287
255 259
255 265
255 276
255 282
256 285
256 287
256 292
256 300
257 259
257 263
257 271
257 274
257 285
257 287
257 292
258 261
259 262
259 263
259 264
259 271
259 273
259 284
259 286
259 287
259 292
259 300
260 298
261 265
261 285
261 290
261 291
261 294
261 297
262 263
262 276
262 283
262 287
262 292
262 300
263 271
263 285
263 287
263 300
264 286
265 266
265 272
265 282
266 268
266 274
266 284
266 300
267 279
268 287
269 279
269 289
271 285
271 287
271 296
271 298
272 283
272 288
273 282
273 293
274 283
274 287
275 282
275 287
275 297
276 280
276 286
277 285
278 280
278 281
278 287
278 299
279 297
279 298
279 299
280 282
281 294
282 287
284 287
285 287
285 288
285 292
286 287
286 290
286 295
286 297
287 292
287 297
288 296
299 300
