1 3
1 6
1 8
1 9
1 13
1 14
1 20
1 29
1 35
1 41
1 44
1 46
1 49
1 51
1 56
1 58
1 59
1 61
1 72
1 75
1 87
1 95
1 116
1 118
1 119
1 121
1 122
1 124
1 125
1 129
1 131
1 150
1 159
1 172
1 179
1 187
1 192
1 196
1 207
1 212
1 217
1 229
1 231
1 234
1 243
1 248
1 261
1 266
1 269
1 281
1 284
1 297
1 298
2 13
2 28
2 32
2 70
2 98
2 103
2 124
2 128
2 143
2 145
2 156
2 163
2 168
2 172
2 174
2 179
2 196
2 227
2 237
2 275
2 286
2 287
3 16
3 20
3 41
3 55
3 66
3 74
3 76
3 93
3 99
3 103
3 105
3 118
3 128
3 132
3 153
3 159
3 184
3 187
3 196
3 197
3 198
3 199
3 213
3 214
3 228
3 234
3 241
3 242
3 250
3 261
3 268
3 275
3 283
3 288
3 300
4 6
4 16
4 25
4 27
4 28
4 35
4 59
4 71
4 91
4 92
4 95
4 109
4 116
4 120
4 122
4 125
4 141
4 150
4 159
4 178
4 207
4 225
4 231
4 232
4 243
4 248
4 257
4 267
4 269
4 277
4 282
4 285
4 299
5 15
5 18
5 20
5 28
5 46
5 50
5 56
5 91
5 96
5 100
5 109
5 142
5 144
5 145
5 159
5 161
5 167
5 185
5 186
5 192
5 197
5 224
5 227
5 240
5 247
5 254
5 256
5 283
5 284
5 286
5 299
6 7
6 9
6 10
6 12
6 14
6 20
6 21
6 22
6 23
6 24
6 26
6 29
6 31
6 34
6 35
6 38
6 41
6 42
6 43
6 45
6 46
6 47
6 48
6 49
6 50
6 51
6 52
6 56
6 57
6 58
6 59
6 60
6 61
6 62
6 67
6 68
6 70
6 71
6 72
6 75
6 77
6 79
6 82
6 86
6 88
6 89
6 92
6 95
6 97
6 98
6 99
6 100
6 102
6 106
6 108
6 109
6 110
6 111
6 112
6 115
6 119
6 120
6 121
6 122
6 123
6 124
6 125
6 126
6 130
6 131
6 132
6 133
6 136
6 137
6 139
6 140
6 142
6 147
6 148
6 149
6 150
6 151
6 152
6 154
6 155
6 156
6 157
6 159
6 162
6 167
6 168
6 169
6 170
6 171
6 172
6 175
6 178
6 179
6 180
6 183
6 184
6 186
6 187
6 188
6 189
6 192
6 193
6 196
6 197
6 206
6 209
6 212
6 214
6 216
6 218
6 224
6 225
6 227
6 228
6 230
6 231
6 233
6 234
6 236
6 239
6 240
6 242
6 243
6 244
6 247
6 248
6 253
6 257
6 258
6 259
6 260
6 261
6 262
6 265
6 269
6 270
6 271
6 272
6 273
6 275
6 279
6 280
6 281
6 282
6 283
6 285
6 287
6 289
6 290
6 292
6 293
6 294
6 295
6 297
6 299
7 20
7 35
7 44
7 46
7 49
7 51
7 56
7 58
7 71
7 72
7 80
7 86
7 88
7 90
7 91
7 92
7 95
7 97
7 109
7 119
7 120
7 121
7 124
7 125
7 127
7 131
7 132
7 133
7 145
7 158
7 160
7 166
7 170
7 188
7 191
7 205
7 230
7 231
7 232
7 233
7 234
7 243
7 250
7 271
7 273
7 282
7 285
7 293
8 16
8 22
8 32
8 34
8 40
8 53
8 54
8 56
8 68
8 87
8 95
8 97
8 119
8 122
8 135
8 136
8 140
8 150
8 151
8 154
8 159
8 163
8 170
8 172
8 179
8 199
8 201
8 202
8 212
8 223
8 230
8 232
8 239
8 245
8 258
8 260
8 262
8 264
8 282
9 15
9 28
9 29
9 31
9 37
9 48
9 56
9 60
9 71
9 78
9 86
9 92
9 95
9 96
9 100
9 105
9 112
9 124
9 137
9 139
9 151
9 167
9 169
9 173
9 178
9 198
9 229
9 230
9 233
9 245
9 263
9 269
9 279
9 282
10 19
10 33
10 46
10 49
10 57
10 94
10 101
10 104
10 117
10 122
10 142
10 147
10 180
10 197
10 198
10 218
10 227
10 233
10 265
10 276
10 282
10 287
10 296
11 43
11 49
11 52
11 57
11 64
11 72
11 94
11 106
11 112
11 116
11 134
11 147
11 158
11 162
11 179
11 181
11 194
11 217
11 253
11 283
11 297
12 30
12 31
12 32
12 53
12 58
12 90
12 149
12 166
12 175
12 190
12 248
12 269
12 270
12 277
12 297
13 18
13 46
13 48
13 49
13 58
13 79
13 96
13 102
13 108
13 119
13 125
13 183
13 209
13 219
13 221
13 241
13 262
13 265
13 269
13 279
14 22
14 36
14 40
14 46
14 56
14 61
14 72
14 95
14 116
14 125
14 126
14 139
14 150
14 151
14 161
14 195
14 196
14 207
14 210
14 219
14 226
14 229
14 230
14 231
14 233
14 234
14 264
14 266
14 274
14 282
14 287
14 289
14 293
14 295
14 299
14 300
15 33
15 53
15 55
15 57
15 66
15 76
15 102
15 147
15 152
15 181
15 188
15 197
15 202
15 205
15 215
15 216
15 224
15 283
15 295
16 28
16 32
16 35
16 45
16 99
16 104
16 114
16 120
16 122
16 134
16 139
16 143
16 183
16 190
16 208
16 215
16 216
16 228
16 263
16 264
16 275
16 283
16 291
17 20
17 21
17 46
17 49
17 50
17 54
17 56
17 58
17 71
17 85
17 91
17 92
17 95
17 97
17 109
17 110
17 120
17 122
17 125
17 131
17 132
17 148
17 149
17 150
17 153
17 155
17 162
17 168
17 180
17 190
17 208
17 211
17 220
17 226
17 227
17 231
17 232
17 233
17 234
17 250
17 282
17 293
17 295
17 299
18 23
18 51
18 61
18 65
18 68
18 93
18 120
18 125
18 127
18 169
18 205
18 222
18 223
18 233
18 259
18 284
18 293
18 294
19 28
19 47
19 51
19 55
19 57
19 58
19 66
19 95
19 106
19 107
19 130
19 136
19 155
19 165
19 170
19 192
19 194
19 200
19 205
19 221
19 229
19 263
19 282
20 26
20 31
20 34
20 43
20 46
20 47
20 49
20 50
20 51
20 56
20 60
20 61
20 77
20 86
20 88
20 89
20 91
20 92
20 93
20 95
20 100
20 101
20 108
20 112
20 114
20 119
20 120
20 125
20 126
20 131
20 132
20 133
20 139
20 144
20 156
20 158
20 160
20 162
20 166
20 173
20 180
20 181
20 187
20 199
20 210
20 231
20 232
20 233
20 235
20 236
20 239
20 243
20 248
20 258
20 266
20 275
20 277
20 279
20 280
20 281
20 282
20 284
20 287
20 290
20 300
21 35
21 40
21 46
21 49
21 51
21 56
21 59
21 62
21 67
21 75
21 76
21 92
21 95
21 97
21 101
21 109
21 117
21 119
21 120
21 124
21 125
21 136
21 140
21 150
21 152
21 177
21 184
21 192
21 196
21 199
21 205
21 211
21 221
21 222
21 224
21 230
21 231
21 234
21 238
21 242
21 243
21 255
21 265
21 276
21 279
21 281
21 284
21 285
21 294
21 297
21 300
22 27
22 29
22 44
22 47
22 88
22 123
22 124
22 132
22 174
22 184
22 189
22 194
22 196
22 230
22 243
22 261
22 289
22 297
23 29
23 46
23 54
23 56
23 62
23 65
23 71
23 86
23 88
23 89
23 94
23 109
23 112
23 123
23 124
23 125
23 130
23 140
23 150
23 152
23 161
23 168
23 170
23 173
23 181
23 183
23 185
23 192
23 195
23 206
23 215
23 230
23 231
23 233
23 256
23 263
23 272
23 280
23 282
24 31
24 34
24 49
24 51
24 59
24 75
24 89
24 95
24 103
24 109
24 115
24 120
24 124
24 125
24 126
24 143
24 152
24 155
24 156
24 180
24 222
24 231
24 234
24 270
24 272
24 273
24 276
24 282
24 283
24 286
24 295
24 296
24 298
25 57
25 68
25 74
25 92
25 97
25 112
25 127
25 131
25 173
25 186
25 189
25 210
25 222
25 237
25 245
25 252
25 257
25 278
25 289
25 290
25 298
26 46
26 49
26 56
26 58
26 65
26 66
26 70
26 71
26 73
26 79
26 84
26 92
26 93
26 95
26 99
26 100
26 104
26 108
26 109
26 111
26 115
26 118
26 119
26 125
26 137
26 143
26 151
26 166
26 170
26 196
26 215
26 220
26 230
26 231
26 233
26 256
26 279
26 282
26 284
26 288
27 55
27 59
27 67
27 80
27 85
27 93
27 103
27 122
27 125
27 129
27 144
27 147
27 148
27 171
27 179
27 189
27 217
27 223
27 239
27 286
27 288
27 296
28 30
28 57
28 59
28 80
28 83
28 84
28 106
28 111
28 120
28 122
28 124
28 157
28 173
28 175
28 177
28 179
28 183
28 185
28 189
28 193
28 215
28 219
28 247
28 272
28 282
28 287
28 296
28 297
28 300
29 50
29 64
29 79
29 100
29 115
29 116
29 118
29 127
29 148
29 156
29 166
29 188
29 193
29 195
29 222
29 231
29 233
29 234
29 241
29 253
29 254
29 256
29 259
29 263
29 275
29 287
30 38
30 40
30 43
30 48
30 52
30 57
30 62
30 70
30 76
30 117
30 126
30 145
30 150
30 164
30 170
30 180
30 196
30 204
30 207
30 209
30 210
30 216
30 218
30 247
30 251
30 252
30 258
30 266
31 41
31 46
31 56
31 65
31 70
31 71
31 82
31 85
31 88
31 92
31 94
31 95
31 96
31 100
31 108
31 109
31 111
31 121
31 125
31 129
31 131
31 141
31 143
31 159
31 160
31 161
31 175
31 177
31 223
31 231
31 243
31 266
31 287
31 296
32 53
32 64
32 67
32 87
32 96
32 114
32 124
32 127
32 134
32 144
32 159
32 169
32 178
32 209
32 232
32 276
32 279
32 287
32 291
33 40
33 41
33 55
33 92
33 118
33 140
33 151
33 161
33 164
33 167
33 169
33 184
33 194
33 206
33 210
33 212
33 218
33 230
33 231
33 236
33 242
33 246
33 294
34 40
34 46
34 49
34 56
34 57
34 60
34 65
34 95
34 97
34 99
34 100
34 106
34 109
34 118
34 119
34 120
34 124
34 125
34 128
34 132
34 139
34 150
34 151
34 157
34 164
34 174
34 179
34 184
34 186
34 227
34 230
34 231
34 233
34 234
34 256
34 273
34 276
34 280
34 281
34 285
34 299
35 46
35 49
35 58
35 61
35 69
35 71
35 72
35 75
35 76
35 77
35 95
35 97
35 104
35 109
35 120
35 122
35 124
35 125
35 136
35 157
35 167
35 173
35 179
35 185
35 193
35 206
35 227
35 231
35 232
35 233
35 234
35 236
35 246
35 259
35 268
35 281
35 288
35 293
35 296
36 53
36 60
36 89
36 95
36 107
36 109
36 111
36 114
36 131
36 137
36 142
36 147
36 154
36 179
36 185
36 195
36 206
36 226
37 44
37 47
37 50
37 52
37 57
37 76
37 104
37 120
37 131
37 141
37 148
37 178
37 205
37 217
37 232
37 236
37 242
37 247
37 254
37 279
37 280
37 284
38 56
38 58
38 71
38 88
38 95
38 103
38 109
38 110
38 119
38 139
38 149
38 151
38 156
38 159
38 172
38 175
38 180
38 190
38 198
38 224
38 230
38 231
38 233
38 234
38 235
38 245
38 254
38 263
38 272
38 277
38 282
38 287
39 67
39 70
39 71
39 80
39 81
39 82
39 100
39 101
39 114
39 130
39 138
39 151
39 158
39 162
39 170
39 194
39 204
39 222
39 239
39 243
39 247
39 248
39 249
39 267
39 292
39 295
40 51
40 63
40 78
40 92
40 102
40 103
40 132
40 133
40 140
40 147
40 188
40 201
40 206
40 233
40 234
40 238
40 261
40 286
40 298
41 46
41 49
41 54
41 56
41 57
41 59
41 62
41 64
41 65
41 71
41 81
41 82
41 86
41 88
41 95
41 97
41 100
41 108
41 109
41 119
41 120
41 121
41 122
41 124
41 125
41 132
41 145
41 159
41 162
41 167
41 180
41 188
41 190
41 192
41 197
41 202
41 209
41 213
41 224
41 230
41 231
41 233
41 234
41 241
41 242
41 243
41 246
41 250
41 260
41 280
41 281
41 282
41 284
41 287
41 290
41 297
42 46
42 49
42 69
42 70
42 71
42 78
42 85
42 90
42 95
42 109
42 114
42 119
42 120
42 125
42 130
42 167
42 180
42 197
42 199
42 215
42 216
42 221
42 231
42 233
42 234
42 282
43 45
43 47
43 54
43 59
43 66
43 95
43 99
43 107
43 109
43 124
43 125
43 126
43 150
43 159
43 162
43 168
43 170
43 184
43 203
43 216
43 222
43 231
43 259
43 269
43 280
43 281
43 283
43 285
43 299
44 46
44 100
44 107
44 113
44 119
44 120
44 124
44 145
44 156
44 159
44 161
44 169
44 188
44 202
44 232
44 243
44 252
44 284
44 293
45 46
45 53
45 56
45 116
45 136
45 141
45 146
45 147
45 160
45 167
45 176
45 182
45 183
45 185
45 190
45 209
45 213
45 221
45 230
45 233
45 237
45 259
45 266
45 277
45 282
45 284
45 285
45 300
46 49
46 51
46 55
46 56
46 57
46 58
46 59
46 62
46 69
46 71
46 72
46 75
46 77
46 86
46 87
46 88
46 89
46 91
46 92
46 95
46 97
46 100
46 102
46 109
46 110
46 119
46 120
46 121
46 122
46 124
46 125
46 130
46 131
46 132
46 134
46 136
46 139
46 140
46 143
46 145
46 149
46 150
46 155
46 156
46 158
46 159
46 161
46 162
46 164
46 165
46 166
46 169
46 170
46 188
46 192
46 196
46 197
46 206
46 219
46 220
46 230
46 231
46 233
46 234
46 239
46 240
46 242
46 243
46 248
46 258
46 259
46 264
46 269
46 270
46 271
46 275
46 278
46 280
46 281
46 282
46 283
46 284
46 285
46 287
47 49
47 55
47 56
47 71
47 81
47 84
47 87
47 94
47 95
47 99
47 111
47 114
47 122
47 131
47 136
47 158
47 162
47 163
47 181
47 185
47 188
47 209
47 213
47 215
47 220
47 233
47 239
47 270
47 282
47 284
47 287
48 67
48 70
48 79
48 81
48 90
48 94
48 95
48 109
48 120
48 125
48 138
48 153
48 160
48 178
48 187
48 194
48 197
48 198
48 203
48 208
48 209
48 222
48 225
48 231
48 232
48 234
48 236
48 237
48 242
48 257
48 260
48 281
48 283
48 291
48 297
48 300
49 50
49 51
49 52
49 56
49 57
49 58
49 59
49 61
49 62
49 64
49 67
49 68
49 71
49 75
49 77
49 79
49 86
49 88
49 91
49 92
49 94
49 95
49 97
49 99
49 100
49 102
49 105
49 108
49 109
49 110
49 111
49 114
49 116
49 119
49 120
49 121
49 122
49 124
49 125
49 131
49 136
49 139
49 140
49 149
49 151
49 155
49 156
49 158
49 159
49 162
49 166
49 170
49 171
49 177
49 179
49 180
49 184
49 186
49 188
49 192
49 193
49 196
49 197
49 206
49 225
49 228
49 230
49 231
49 232
49 233
49 234
49 236
49 240
49 242
49 243
49 247
49 248
49 250
49 257
49 258
49 260
49 261
49 265
49 269
49 270
49 271
49 275
49 279
49 280
49 281
49 282
49 284
49 287
49 289
49 290
49 293
49 297
50 59
50 70
50 95
50 109
50 115
50 119
50 123
50 128
50 134
50 152
50 157
50 161
50 170
50 171
50 173
50 175
50 181
50 189
50 203
50 234
50 250
50 256
50 276
50 286
50 294
51 52
51 55
51 58
51 60
51 61
51 69
51 99
51 108
51 121
51 130
51 131
51 133
51 136
51 139
51 153
51 163
51 172
51 175
51 182
51 198
51 201
51 218
51 269
51 270
51 275
51 282
51 299
52 67
52 80
52 82
52 86
52 90
52 93
52 109
52 119
52 120
52 121
52 125
52 127
52 131
52 137
52 142
52 145
52 155
52 179
52 194
52 212
52 229
52 233
52 257
52 281
52 282
52 286
53 79
53 84
53 86
53 101
53 107
53 116
53 122
53 125
53 128
53 137
53 176
53 197
53 203
53 213
53 230
53 233
53 240
53 246
53 252
53 258
53 290
54 58
54 69
54 84
54 96
54 120
54 141
54 145
54 174
54 200
54 209
54 222
54 256
54 258
54 273
54 282
54 285
55 67
55 73
55 90
55 92
55 110
55 117
55 134
55 143
55 167
55 200
55 215
55 237
55 241
55 243
55 253
55 256
55 261
55 264
55 272
55 300
56 59
56 62
56 67
56 71
56 72
56 75
56 76
56 77
56 87
56 88
56 89
56 92
56 95
56 99
56 100
56 109
56 110
56 119
56 120
56 121
56 122
56 125
56 128
56 131
56 139
56 140
56 143
56 150
56 151
56 159
56 162
56 166
56 169
56 170
56 172
56 179
56 180
56 186
56 188
56 192
56 197
56 204
56 206
56 224
56 230
56 231
56 233
56 234
56 240
56 242
56 243
56 248
56 250
56 253
56 258
56 259
56 260
56 265
56 266
56 269
56 271
56 274
56 279
56 280
56 282
56 283
56 285
56 287
56 288
56 294
56 297
56 298
56 300
57 59
57 61
57 67
57 72
57 97
57 120
57 131
57 132
57 137
57 157
57 165
57 172
57 177
57 179
57 197
57 213
57 221
57 228
57 233
57 244
57 250
57 270
57 272
57 278
57 282
57 293
57 299
58 59
58 63
58 64
58 71
58 75
58 78
58 86
58 88
58 91
58 92
58 95
58 108
58 109
58 120
58 122
58 124
58 125
58 136
58 139
58 143
58 146
58 152
58 154
58 159
58 162
58 169
58 170
58 172
58 175
58 190
58 192
58 193
58 196
58 199
58 214
58 218
58 220
58 224
58 228
58 234
58 235
58 242
58 243
58 247
58 248
58 250
58 258
58 267
58 280
58 282
58 285
58 287
58 296
58 297
59 71
59 74
59 77
59 79
59 83
59 86
59 90
59 91
59 92
59 94
59 95
59 97
59 99
59 100
59 109
59 111
59 119
59 120
59 124
59 125
59 126
59 132
59 139
59 140
59 150
59 151
59 157
59 162
59 166
59 170
59 173
59 174
59 179
59 180
59 182
59 187
59 189
59 192
59 193
59 196
59 197
59 221
59 230
59 231
59 232
59 233
59 234
59 240
59 241
59 242
59 243
59 247
59 259
59 262
59 263
59 268
59 270
59 272
59 275
59 279
59 280
59 281
59 282
59 287
59 290
59 296
59 297
60 75
60 79
60 81
60 86
60 89
60 95
60 97
60 99
60 109
60 110
60 119
60 120
60 122
60 125
60 208
60 209
60 213
60 233
60 234
60 242
60 243
60 275
60 276
60 282
61 62
61 63
61 79
61 95
61 99
61 108
61 129
61 175
61 178
61 179
61 186
61 187
61 195
61 199
61 230
61 233
61 244
61 252
61 255
61 276
61 288
61 293
62 64
62 70
62 82
62 87
62 89
62 95
62 103
62 119
62 120
62 130
62 137
62 140
62 162
62 170
62 172
62 177
62 188
62 192
62 213
62 219
62 221
62 230
62 233
62 238
62 243
62 254
62 255
62 260
62 261
62 275
62 280
62 282
62 287
62 290
62 293
63 69
63 101
63 109
63 114
63 116
63 118
63 127
63 135
63 142
63 154
63 185
63 221
63 223
63 228
63 232
63 238
63 239
63 256
63 260
63 267
63 270
64 65
64 66
64 67
64 88
64 95
64 96
64 103
64 109
64 120
64 130
64 137
64 179
64 180
64 189
64 192
64 194
64 204
64 208
64 217
64 252
64 264
64 272
64 277
64 286
64 287
65 74
65 79
65 84
65 99
65 102
65 103
65 105
65 110
65 112
65 134
65 148
65 161
65 181
65 191
65 197
65 212
65 235
65 278
66 74
66 81
66 113
66 138
66 194
66 204
66 205
66 208
66 210
66 214
66 217
66 251
66 270
66 279
66 285
67 69
67 94
67 104
67 105
67 119
67 136
67 169
67 170
67 177
67 184
67 192
67 225
67 232
67 237
67 241
67 242
67 247
67 255
67 257
67 268
67 284
68 90
68 95
68 97
68 120
68 125
68 131
68 137
68 143
68 145
68 146
68 168
68 184
68 194
68 209
68 229
68 233
68 245
68 252
68 274
68 282
68 285
68 290
68 292
68 298
69 83
69 84
69 91
69 118
69 168
69 172
69 173
69 180
69 213
69 218
69 220
69 290
70 71
70 85
70 111
70 185
70 203
70 215
70 224
70 238
70 240
70 250
70 258
70 267
70 283
70 285
70 286
70 288
70 295
71 72
71 73
71 74
71 76
71 87
71 88
71 92
71 95
71 97
71 100
71 108
71 109
71 111
71 119
71 120
71 121
71 124
71 125
71 131
71 132
71 139
71 140
71 149
71 150
71 157
71 158
71 159
71 167
71 168
71 169
71 175
71 178
71 179
71 192
71 196
71 201
71 207
71 208
71 214
71 218
71 224
71 226
71 230
71 231
71 233
71 234
71 240
71 243
71 247
71 248
71 254
71 258
71 265
71 268
71 271
71 279
71 280
71 281
71 282
71 283
71 284
71 289
71 297
71 298
71 299
72 77
72 89
72 95
72 100
72 102
72 109
72 116
72 120
72 121
72 122
72 124
72 125
72 133
72 139
72 140
72 146
72 152
72 156
72 159
72 162
72 167
72 180
72 184
72 186
72 197
72 199
72 230
72 231
72 234
72 242
72 243
72 244
72 248
72 253
72 258
72 268
72 269
72 271
72 275
72 277
72 281
72 282
72 288
72 297
73 102
73 103
73 112
73 126
73 129
73 148
73 165
73 168
73 173
73 193
73 197
73 200
73 204
73 237
73 242
73 252
73 266
73 272
73 278
74 87
74 96
74 126
74 153
74 201
74 207
74 225
74 257
74 266
74 282
74 299
75 79
75 82
75 84
75 86
75 88
75 95
75 97
75 100
75 107
75 108
75 109
75 111
75 112
75 119
75 120
75 122
75 124
75 125
75 139
75 143
75 148
75 150
75 151
75 154
75 156
75 157
75 158
75 159
75 162
75 173
75 178
75 179
75 180
75 190
75 192
75 193
75 194
75 196
75 212
75 224
75 225
75 228
75 230
75 231
75 232
75 233
75 234
75 242
75 243
75 248
75 251
75 254
75 259
75 260
75 261
75 270
75 271
75 272
75 275
75 279
75 280
75 282
75 284
75 287
75 297
76 102
76 124
76 152
76 162
76 166
76 183
76 247
76 265
76 286
76 287
76 292
77 79
77 86
77 91
77 92
77 95
77 97
77 109
77 110
77 116
77 118
77 120
77 122
77 125
77 131
77 133
77 139
77 142
77 146
77 150
77 153
77 159
77 166
77 168
77 171
77 180
77 182
77 184
77 196
77 205
77 216
77 224
77 230
77 231
77 233
77 243
77 253
77 269
77 280
77 282
77 287
77 289
77 296
77 298
78 115
78 128
78 150
78 191
78 200
78 202
78 213
78 219
78 220
78 225
78 232
78 269
78 295
79 87
79 109
79 119
79 120
79 125
79 141
79 148
79 149
79 150
79 151
79 162
79 166
79 176
79 178
79 180
79 192
79 196
79 202
79 206
79 208
79 211
79 224
79 225
79 226
79 230
79 233
79 234
79 260
79 275
79 280
79 282
80 94
80 110
80 129
80 131
80 133
80 157
80 172
80 178
80 179
80 185
80 214
80 224
80 240
80 253
80 262
80 291
81 87
81 101
81 117
81 132
81 134
81 137
81 138
81 145
81 147
81 167
81 182
81 186
81 222
81 239
81 249
81 250
81 253
81 261
81 266
81 280
81 291
82 84
82 95
82 98
82 119
82 120
82 148
82 211
82 213
82 227
82 264
82 296
83 91
83 93
83 97
83 103
83 112
83 119
83 120
83 126
83 138
83 142
83 143
83 146
83 164
83 212
83 232
83 241
83 255
83 289
84 118
84 123
84 137
84 156
84 163
84 182
84 200
84 221
84 222
84 242
84 245
84 257
84 261
84 283
84 296
85 100
85 101
85 109
85 111
85 112
85 126
85 144
85 213
85 219
85 230
85 261
85 294
86 87
86 92
86 95
86 97
86 99
86 103
86 109
86 114
86 119
86 120
86 125
86 136
86 139
86 150
86 160
86 164
86 180
86 192
86 206
86 231
86 233
86 234
86 242
86 243
86 255
86 268
86 270
86 272
86 273
86 282
86 283
87 95
87 99
87 100
87 101
87 109
87 119
87 134
87 142
87 146
87 153
87 162
87 171
87 174
87 182
87 188
87 192
87 193
87 196
87 218
87 220
87 233
87 234
87 239
87 266
87 275
87 279
87 280
87 287
88 91
88 92
88 95
88 96
88 100
88 101
88 109
88 119
88 120
88 124
88 125
88 129
88 132
88 139
88 140
88 151
88 158
88 173
88 185
88 188
88 192
88 196
88 206
88 208
88 230
88 231
88 233
88 236
88 242
88 243
88 267
88 271
88 272
88 275
88 282
88 284
88 285
89 93
89 97
89 100
89 103
89 111
89 121
89 151
89 231
89 232
89 233
89 242
89 258
89 279
89 281
89 283
89 296
90 93
90 95
90 106
90 111
90 122
90 143
90 176
90 177
90 209
90 231
90 254
90 261
90 263
90 273
90 285
90 296
91 92
91 97
91 102
91 119
91 125
91 134
91 139
91 168
91 173
91 175
91 176
91 184
91 188
91 191
91 197
91 199
91 224
91 225
91 232
91 233
91 239
91 247
91 248
91 252
91 253
91 255
91 270
91 282
91 285
91 286
91 295
92 95
92 97
92 100
92 103
92 108
92 109
92 111
92 119
92 120
92 124
92 125
92 126
92 131
92 133
92 139
92 145
92 151
92 152
92 158
92 161
92 166
92 169
92 173
92 179
92 180
92 183
92 189
92 192
92 197
92 212
92 229
92 230
92 231
92 233
92 234
92 240
92 242
92 243
92 253
92 258
92 259
92 263
92 265
92 279
92 280
92 282
92 293
92 297
92 298
93 95
93 102
93 147
93 160
93 162
93 163
93 178
93 179
93 193
93 196
93 197
93 210
93 213
93 214
93 222
93 232
93 233
93 234
93 237
93 242
93 258
93 284
93 294
93 300
94 117
94 119
94 123
94 127
94 131
94 147
94 151
94 152
94 160
94 165
94 187
94 204
94 213
94 217
94 224
94 238
94 244
94 258
94 281
94 282
95 97
95 99
95 100
95 108
95 109
95 110
95 111
95 115
95 119
95 120
95 121
95 122
95 124
95 125
95 131
95 132
95 139
95 140
95 143
95 147
95 149
95 150
95 151
95 154
95 157
95 158
95 159
95 162
95 164
95 169
95 170
95 171
95 172
95 175
95 179
95 180
95 181
95 183
95 184
95 186
95 187
95 188
95 192
95 193
95 196
95 197
95 204
95 206
95 214
95 218
95 228
95 230
95 231
95 232
95 233
95 234
95 235
95 237
95 240
95 242
95 243
95 244
95 247
95 248
95 252
95 259
95 260
95 265
95 270
95 271
95 274
95 275
95 279
95 280
95 281
95 282
95 284
95 285
95 287
95 290
95 294
95 295
95 296
95 297
95 299
96 100
96 127
96 134
96 135
96 154
96 175
96 183
96 194
96 195
96 203
96 226
96 247
96 252
96 259
96 283
96 286
97 98
97 100
97 102
97 109
97 112
97 114
97 116
97 119
97 120
97 121
97 122
97 124
97 125
97 130
97 131
97 132
97 140
97 149
97 150
97 151
97 155
97 159
97 162
97 170
97 172
97 173
97 179
97 180
97 186
97 188
97 192
97 196
97 197
97 199
97 220
97 224
97 225
97 231
97 233
97 234
97 236
97 242
97 243
97 248
97 253
97 257
97 258
97 259
97 269
97 270
97 271
97 275
97 276
97 280
97 281
97 282
97 283
97 285
97 287
97 290
97 292
97 299
98 110
98 121
98 123
98 130
98 131
98 133
98 153
98 176
98 179
98 194
98 195
98 196
98 197
98 218
98 225
98 236
98 259
98 262
98 269
99 102
99 103
99 109
99 120
99 122
99 124
99 125
99 130
99 136
99 169
99 173
99 187
99 192
99 196
99 214
99 227
99 230
99 231
99 233
99 234
99 237
99 238
99 248
99 251
99 264
99 275
99 291
99 292
100 109
100 118
100 120
100 121
100 124
100 125
100 131
100 134
100 138
100 139
100 140
100 150
100 151
100 153
100 158
100 173
100 179
100 190
100 192
100 201
100 211
100 218
100 221
100 230
100 231
100 233
100 234
100 236
100 239
100 243
100 247
100 248
100 251
100 258
100 259
100 279
100 282
100 285
100 297
100 300
101 131
101 137
101 139
101 152
101 153
101 155
101 174
101 197
101 201
101 229
101 233
101 238
101 239
101 253
101 258
101 261
101 281
101 291
102 114
102 119
102 124
102 125
102 126
102 128
102 137
102 153
102 154
102 166
102 193
102 201
102 210
102 219
102 230
102 232
102 233
102 234
102 238
102 266
102 268
102 269
102 277
102 282
103 122
103 134
103 135
103 159
103 164
103 181
103 207
103 213
103 218
103 224
103 234
103 240
103 255
103 257
103 268
103 275
103 284
103 298
104 135
104 137
104 148
104 149
104 174
104 193
104 224
104 229
104 230
104 231
104 232
104 259
104 273
104 298
104 299
105 111
105 140
105 149
105 152
105 161
105 180
105 183
105 193
105 257
105 258
105 287
105 288
106 107
106 120
106 126
106 132
106 153
106 158
106 179
106 193
106 203
106 213
106 230
106 268
106 270
106 281
106 293
106 295
107 147
107 161
107 165
107 175
107 188
107 189
107 211
107 225
107 227
107 239
107 257
107 270
107 277
107 281
107 286
107 296
108 109
108 111
108 119
108 120
108 122
108 124
108 125
108 134
108 139
108 140
108 150
108 157
108 160
108 163
108 186
108 187
108 191
108 192
108 196
108 199
108 208
108 219
108 222
108 230
108 231
108 232
108 233
108 234
108 238
108 239
108 242
108 243
108 244
108 248
108 258
108 269
108 279
108 280
108 282
108 297
109 111
109 112
109 119
109 120
109 121
109 122
109 124
109 125
109 126
109 131
109 132
109 139
109 140
109 141
109 148
109 149
109 150
109 151
109 154
109 156
109 157
109 158
109 159
109 162
109 164
109 169
109 170
109 172
109 173
109 175
109 179
109 180
109 184
109 185
109 186
109 187
109 188
109 192
109 193
109 196
109 206
109 207
109 211
109 214
109 224
109 225
109 228
109 230
109 231
109 232
109 233
109 234
109 240
109 242
109 243
109 247
109 248
109 252
109 253
109 258
109 259
109 263
109 265
109 269
109 270
109 271
109 275
109 277
109 279
109 280
109 281
109 282
109 285
109 287
109 290
109 294
109 295
109 297
109 299
110 124
110 125
110 139
110 141
110 152
110 155
110 161
110 165
110 179
110 205
110 224
110 230
110 231
110 233
110 243
110 251
110 273
110 296
111 113
111 120
111 122
111 124
111 125
111 139
111 151
111 162
111 179
111 192
111 199
111 212
111 220
111 231
111 232
111 233
111 234
111 239
111 243
111 244
111 254
111 257
111 266
111 269
111 282
111 297
112 126
112 131
112 153
112 169
112 193
112 199
112 206
112 231
112 233
112 234
112 251
112 276
112 279
113 129
113 134
113 159
113 176
113 181
113 199
113 221
113 224
113 236
113 250
113 256
113 275
113 284
114 126
114 136
114 144
114 150
114 156
114 162
114 191
114 205
114 207
114 215
114 221
114 233
114 246
114 252
114 268
114 278
114 280
114 282
114 290
114 296
115 116
115 124
115 136
115 140
115 146
115 149
115 166
115 176
115 185
115 191
115 197
115 233
115 247
115 252
115 269
115 274
115 277
115 282
115 294
115 295
116 119
116 127
116 142
116 149
116 178
116 183
116 190
116 196
116 219
116 228
116 242
116 248
116 280
116 283
117 155
117 192
117 212
117 214
117 228
117 233
117 240
117 251
117 256
117 276
117 285
118 131
118 132
118 154
118 158
118 159
118 163
118 167
118 176
118 190
118 224
118 234
118 235
118 279
118 284
118 285
118 296
119 120
119 122
119 124
119 125
119 127
119 131
119 136
119 146
119 148
119 149
119 151
119 155
119 157
119 162
119 167
119 168
119 169
119 170
119 180
119 183
119 186
119 192
119 196
119 197
119 199
119 206
119 229
119 230
119 231
119 233
119 234
119 235
119 240
119 242
119 243
119 245
119 248
119 257
119 262
119 269
119 270
119 275
119 280
119 282
119 285
119 287
119 290
119 299
120 121
120 122
120 124
120 125
120 131
120 132
120 140
120 147
120 150
120 151
120 152
120 157
120 158
120 162
120 163
120 166
120 169
120 172
120 173
120 175
120 176
120 178
120 179
120 180
120 186
120 187
120 188
120 192
120 193
120 196
120 198
120 206
120 212
120 215
120 218
120 225
120 228
120 230
120 231
120 232
120 233
120 234
120 238
120 240
120 242
120 243
120 248
120 252
120 260
120 261
120 270
120 271
120 275
120 277
120 279
120 280
120 281
120 282
120 284
120 287
120 289
120 290
120 293
120 295
120 297
120 299
121 122
121 124
121 125
121 127
121 130
121 132
121 140
121 151
121 153
121 156
121 172
121 179
121 181
121 187
121 192
121 201
121 214
121 224
121 230
121 231
121 233
121 234
121 243
121 251
121 266
121 279
121 282
121 285
121 293
121 297
121 298
122 124
122 125
122 127
122 143
122 150
122 155
122 166
122 173
122 179
122 190
122 196
122 199
122 202
122 214
122 218
122 228
122 230
122 231
122 232
122 233
122 234
122 242
122 243
122 247
122 250
122 258
122 260
122 262
122 270
122 272
122 279
122 282
122 285
122 290
122 295
122 297
123 162
123 173
123 188
123 190
123 205
123 233
123 234
123 242
123 250
123 271
123 274
123 286
123 290
124 125
124 126
124 130
124 131
124 132
124 139
124 140
124 150
124 151
124 157
124 158
124 159
124 162
124 166
124 169
124 173
124 179
124 180
124 181
124 183
124 186
124 188
124 192
124 193
124 206
124 214
124 230
124 231
124 232
124 233
124 234
124 243
124 259
124 271
124 274
124 279
124 280
124 282
124 283
124 284
124 291
124 293
125 131
125 132
125 137
125 138
125 139
125 140
125 147
125 149
125 150
125 151
125 153
125 154
125 156
125 157
125 158
125 159
125 162
125 163
125 169
125 170
125 172
125 173
125 175
125 179
125 180
125 184
125 186
125 188
125 192
125 193
125 194
125 196
125 197
125 206
125 208
125 215
125 217
125 228
125 230
125 231
125 232
125 233
125 234
125 239
125 240
125 242
125 243
125 246
125 247
125 250
125 252
125 258
125 261
125 266
125 270
125 271
125 273
125 274
125 275
125 277
125 279
125 280
125 281
125 282
125 284
125 285
125 287
125 290
125 293
125 294
125 295
125 297
125 299
126 139
126 152
126 192
126 197
126 207
126 210
126 212
126 220
126 240
126 241
126 278
126 281
126 295
127 146
127 157
127 170
127 187
127 188
127 206
127 209
127 221
127 228
127 233
127 244
127 248
127 279
128 130
128 156
128 159
128 174
128 229
128 252
129 134
129 159
129 200
129 206
129 213
129 243
129 260
129 261
129 272
129 277
129 285
129 291
129 299
130 139
130 151
130 153
130 163
130 169
130 186
130 195
130 196
130 230
130 233
130 234
130 249
130 265
130 269
130 270
130 272
130 274
130 276
130 277
130 279
130 289
130 293
131 150
131 161
131 168
131 174
131 177
131 191
131 192
131 194
131 203
131 205
131 208
131 230
131 233
131 234
131 242
131 243
131 244
131 250
131 252
131 260
131 269
131 278
131 279
131 282
131 294
132 133
132 149
132 150
132 151
132 155
132 159
132 161
132 162
132 180
132 181
132 183
132 185
132 188
132 192
132 218
132 222
132 230
132 231
132 233
132 243
132 248
132 252
132 257
132 265
132 271
132 272
132 282
132 285
132 290
132 298
133 145
133 151
133 166
133 174
133 178
133 206
133 228
133 233
133 234
133 237
133 241
133 243
133 251
133 269
133 279
134 142
134 162
134 203
134 216
134 224
134 234
134 256
135 150
135 159
135 171
135 195
135 202
135 212
135 237
135 248
135 268
135 273
135 289
135 291
135 293
135 294
136 140
136 144
136 154
136 176
136 184
136 185
136 188
136 206
136 207
136 218
136 240
136 244
136 267
136 271
136 274
136 275
136 280
136 282
136 293
137 139
137 158
137 176
137 189
137 190
137 215
137 226
137 228
137 230
137 231
137 278
137 293
138 143
138 156
138 161
138 167
138 182
138 199
138 204
138 209
138 222
138 223
138 243
138 245
138 265
138 268
138 281
138 285
138 286
139 140
139 147
139 150
139 151
139 157
139 159
139 176
139 178
139 179
139 183
139 186
139 192
139 196
139 204
139 209
139 226
139 230
139 231
139 232
139 233
139 234
139 236
139 240
139 242
139 243
139 248
139 258
139 269
139 270
139 271
139 279
139 282
139 287
139 297
140 159
140 168
140 169
140 179
140 181
140 188
140 192
140 199
140 212
140 215
140 217
140 223
140 230
140 231
140 233
140 234
140 242
140 243
140 247
140 266
140 269
140 271
140 282
140 285
140 294
140 295
140 297
140 299
141 160
141 167
141 180
141 202
141 226
141 230
141 244
141 256
141 257
141 277
141 278
141 285
142 153
142 155
142 156
142 166
142 176
142 189
142 199
142 206
142 208
142 217
142 228
142 252
142 256
142 277
142 280
143 153
143 154
143 159
143 162
143 163
143 180
143 183
143 191
143 193
143 195
143 256
143 272
143 289
144 152
144 181
144 202
144 220
144 230
144 237
144 256
145 150
145 153
145 159
145 211
145 215
145 229
145 234
145 253
145 277
145 279
145 286
145 293
146 148
146 152
146 164
146 182
146 184
146 197
146 213
146 224
146 249
146 268
146 297
147 162
147 205
147 208
147 217
147 221
147 228
147 233
147 242
147 299
148 165
148 169
148 178
148 194
148 196
148 198
148 203
148 205
148 207
148 214
148 227
148 229
148 235
148 242
148 244
148 251
148 260
148 272
148 275
148 281
148 288
148 296
148 297
149 189
149 214
149 221
149 223
149 233
149 234
149 236
149 241
149 242
149 272
149 282
149 297
150 151
150 157
150 159
150 162
150 169
150 179
150 186
150 192
150 197
150 231
150 233
150 234
150 242
150 243
150 260
150 264
150 269
150 278
150 281
150 282
150 285
150 292
150 293
150 298
150 300
151 158
151 162
151 165
151 166
151 169
151 170
151 192
151 206
151 216
151 225
151 228
151 231
151 233
151 234
151 242
151 243
151 248
151 249
151 270
151 275
151 279
151 280
151 282
151 287
151 299
152 159
152 177
152 178
152 193
152 197
152 202
152 219
152 238
152 252
152 253
152 265
152 274
153 186
153 187
153 200
153 201
153 210
153 215
153 228
153 229
153 236
153 265
153 270
153 277
154 159
154 175
154 185
154 192
154 218
154 231
154 233
154 234
154 259
154 260
154 285
154 296
155 157
155 167
155 176
155 177
155 198
155 202
155 230
155 233
155 234
155 236
155 243
155 257
155 260
155 278
155 279
155 282
155 286
155 290
155 293
155 297
155 299
156 163
156 172
156 180
156 188
156 189
156 210
156 233
156 234
156 243
156 270
156 271
156 281
156 293
156 299
157 162
157 199
157 231
157 233
157 234
157 242
157 249
157 258
157 262
158 169
158 199
158 215
158 229
158 230
158 231
158 232
158 233
158 234
158 236
158 237
158 243
158 267
158 270
158 275
158 278
158 279
158 282
158 287
158 293
159 162
159 167
159 169
159 172
159 180
159 182
159 192
159 197
159 198
159 206
159 212
159 214
159 217
159 219
159 223
159 230
159 231
159 232
159 233
159 234
159 241
159 242
159 243
159 256
159 257
159 262
159 272
159 282
159 297
159 298
159 300
160 163
160 165
160 167
160 168
160 170
160 186
160 188
160 216
160 224
160 234
160 261
160 264
160 271
160 273
160 277
161 190
161 198
161 212
161 225
161 233
161 253
161 268
161 269
161 290
162 166
162 169
162 173
162 183
162 188
162 196
162 200
162 225
162 231
162 233
162 234
162 241
162 243
162 247
162 256
162 262
162 266
162 270
162 282
162 296
162 299
162 300
163 164
163 170
163 173
163 177
163 188
163 196
163 207
163 208
163 219
163 227
163 229
163 252
163 254
163 281
163 288
164 185
164 188
164 189
164 192
164 197
164 203
164 217
164 231
164 233
164 242
164 265
164 290
164 298
165 171
165 190
165 195
165 201
165 239
165 252
165 279
165 290
166 170
166 176
166 188
166 193
166 198
166 212
166 217
166 231
166 241
166 248
166 249
166 252
166 257
166 258
166 259
166 260
166 261
166 264
166 279
166 283
166 284
166 288
166 299
167 185
167 257
167 260
167 270
167 277
167 286
167 293
168 178
168 183
168 190
168 214
168 216
168 228
168 239
168 241
168 243
168 285
168 290
169 193
169 196
169 230
169 231
169 232
169 233
169 234
169 238
169 252
169 258
169 269
169 274
169 285
169 292
169 294
169 296
169 297
169 299
170 179
170 187
170 191
170 196
170 203
170 206
170 216
170 225
170 230
170 231
170 233
170 234
170 242
170 243
170 247
170 252
170 259
170 263
170 279
170 282
170 290
170 293
171 187
171 194
171 196
171 205
171 213
171 214
171 261
171 266
171 267
171 287
171 296
172 175
172 178
172 179
172 204
172 225
172 258
172 277
172 282
172 289
172 293
172 296
172 297
173 181
173 185
173 189
173 192
173 204
173 209
173 219
173 234
173 235
173 238
173 248
173 267
173 268
173 275
173 283
173 285
173 293
173 296
173 298
174 175
174 180
174 181
174 192
174 219
174 236
174 242
174 247
174 251
174 263
174 264
174 277
174 278
174 285
175 190
175 197
175 204
175 207
175 224
175 225
175 233
175 240
175 251
175 282
175 285
175 288
175 296
176 188
176 191
176 222
176 225
176 249
176 257
176 259
176 265
176 281
176 285
176 290
177 188
177 190
177 196
177 238
177 242
177 264
177 276
177 277
177 298
178 179
178 180
178 188
178 194
178 196
178 202
178 216
178 230
178 231
178 233
178 242
178 281
179 180
179 184
179 186
179 192
179 196
179 199
179 201
179 207
179 212
179 230
179 231
179 233
179 235
179 242
179 243
179 246
179 248
179 255
179 261
179 262
179 269
179 272
179 275
179 280
179 281
179 282
179 285
179 292
180 192
180 203
180 224
180 231
180 233
180 234
180 242
180 243
180 245
180 248
180 257
180 258
180 282
180 293
180 295
181 195
181 210
181 237
181 244
182 186
182 190
182 192
182 194
182 220
182 232
182 240
182 242
182 255
182 260
182 264
182 279
183 198
183 200
183 218
183 233
183 234
183 241
183 249
183 257
183 262
183 293
184 187
184 196
184 198
184 229
184 252
184 257
184 282
185 202
185 207
185 216
185 229
185 253
185 265
185 280
185 281
185 290
185 292
186 191
186 192
186 196
186 197
186 198
186 230
186 231
186 233
186 234
186 242
186 243
186 270
186 277
186 280
186 282
186 284
186 293
187 196
187 218
187 229
187 231
187 233
187 234
187 263
187 282
187 285
187 293
187 294
188 189
188 196
188 208
188 230
188 231
188 233
188 234
188 243
188 267
188 271
188 272
188 275
188 277
188 278
188 280
188 281
188 282
188 287
188 289
189 211
189 217
189 218
189 231
189 237
189 250
189 252
189 255
189 261
189 262
189 292
190 203
190 204
190 212
190 258
190 272
190 276
190 284
190 285
190 300
191 196
191 201
191 230
191 245
191 255
191 270
191 288
191 292
192 193
192 196
192 207
192 224
192 230
192 231
192 233
192 234
192 236
192 240
192 242
192 243
192 247
192 260
192 265
192 279
192 280
192 282
192 287
192 294
192 296
192 297
193 194
193 199
193 231
193 233
193 234
193 245
193 247
193 261
193 270
193 282
193 285
193 291
193 294
193 299
194 200
194 225
194 235
194 248
194 271
194 280
195 230
195 249
195 254
195 263
195 276
195 279
195 292
195 294
196 197
196 207
196 228
196 231
196 232
196 233
196 234
196 235
196 240
196 242
196 243
196 258
196 261
196 266
196 270
196 274
196 275
196 276
196 277
196 279
196 280
196 281
196 282
196 285
196 289
196 297
196 299
197 208
197 209
197 214
197 233
197 234
197 236
197 243
197 250
197 257
197 264
197 265
197 283
197 288
198 229
198 232
198 249
198 264
198 299
199 209
199 217
199 220
199 221
199 231
199 236
199 237
199 242
199 244
199 245
199 247
199 254
199 266
199 270
199 272
199 278
199 279
199 295
200 201
200 259
200 264
200 267
200 276
201 233
201 235
201 250
201 253
201 296
202 215
202 227
202 249
202 251
202 265
202 273
202 297
203 204
203 231
203 238
203 255
203 264
203 269
203 278
203 284
203 289
203 300
204 247
204 251
204 259
204 276
204 284
204 295
205 219
205 232
205 265
205 267
205 275
205 288
205 289
205 294
205 295
206 207
206 228
206 231
206 233
206 234
206 235
206 243
206 261
206 262
206 264
206 275
206 282
206 284
206 287
206 298
206 299
206 300
207 215
207 216
207 234
207 241
207 244
207 248
207 254
207 255
207 260
207 265
208 225
208 236
208 246
208 247
208 271
208 272
208 276
209 218
209 220
209 226
209 238
209 245
209 252
209 265
209 297
210 247
210 255
210 257
210 258
210 272
210 275
210 279
210 281
210 285
210 297
210 298
211 217
211 220
211 230
211 236
211 240
211 256
211 277
211 291
211 300
212 215
212 231
212 233
212 245
212 252
212 254
212 271
212 272
212 278
212 281
212 282
212 300
213 221
213 222
213 239
213 255
213 268
213 291
214 228
214 233
214 234
214 243
214 244
214 253
215 233
215 246
215 263
215 280
216 224
216 228
216 244
216 249
216 265
216 299
217 219
217 256
217 266
217 269
217 282
218 219
218 230
218 233
218 236
218 238
218 281
218 282
218 292
218 299
219 236
219 242
219 244
219 264
219 273
220 236
220 249
220 251
220 274
220 278
220 284
220 291
221 222
221 246
221 255
221 276
221 288
222 231
222 239
222 263
222 277
222 281
222 282
223 254
223 258
223 277
223 288
224 233
224 234
224 243
224 251
224 259
224 270
224 295
224 297
225 231
225 233
225 234
225 242
225 294
225 299
226 244
226 263
226 269
226 278
226 297
227 238
227 258
227 273
227 277
227 282
228 231
228 233
228 239
228 242
228 243
228 251
228 252
228 272
228 273
228 278
228 279
228 295
229 248
229 249
229 259
230 231
230 233
230 234
230 240
230 243
230 247
230 248
230 255
230 257
230 258
230 261
230 265
230 269
230 270
230 276
230 277
230 280
230 282
230 283
230 297
230 299
231 232
231 233
231 234
231 240
231 242
231 243
231 248
231 254
231 257
231 258
231 262
231 265
231 269
231 270
231 272
231 279
231 280
231 281
231 282
231 283
231 289
231 290
231 293
231 295
231 297
231 299
232 239
232 240
232 243
232 248
232 257
232 266
232 269
232 270
232 271
232 279
232 280
232 281
232 287
232 300
233 234
233 236
233 237
233 239
233 240
233 242
233 243
233 244
233 248
233 257
233 258
233 259
233 264
233 265
233 269
233 270
233 271
233 273
233 275
233 279
233 280
233 281
233 282
233 283
233 284
233 285
233 287
233 289
233 290
233 293
233 294
233 295
233 297
233 298
233 299
234 240
234 241
234 242
234 243
234 248
234 253
234 258
234 263
234 266
234 269
234 270
234 271
234 273
234 280
234 281
234 282
234 285
234 289
234 294
234 299
235 240
235 245
235 258
235 277
235 287
235 293
236 241
236 274
236 275
236 283
236 299
236 300
237 246
237 258
237 266
237 270
237 280
237 281
237 297
238 241
238 270
238 275
238 292
239 240
239 254
239 256
239 258
239 286
239 288
239 297
240 242
240 243
240 265
240 269
240 271
240 275
240 282
240 297
240 298
241 252
241 259
241 282
242 243
242 244
242 248
242 258
242 262
242 263
242 264
242 267
242 269
242 279
242 282
242 294
242 297
243 244
243 247
243 248
243 249
243 261
243 266
243 270
243 278
243 279
243 280
243 281
243 282
243 284
243 288
243 289
243 297
244 251
244 256
245 247
245 263
245 265
245 273
245 280
245 294
246 263
246 286
247 248
247 256
247 258
247 266
247 272
247 282
248 249
248 252
248 268
248 276
248 277
248 279
248 280
248 282
248 290
249 255
249 276
251 256
251 262
251 274
251 276
251 286
251 288
251 297
251 298
252 270
252 283
252 298
253 260
253 272
253 290
253 295
253 297
253 300
254 262
254 263
254 264
254 268
254 297
255 272
255 288
255 298
256 285
256 287
256 292
256 299
256 300
257 274
257 276
257 282
258 261
258 282
258 291
258 292
258 298
259 264
259 300
260 262
260 282
261 265
261 274
261 275
261 285
261 289
261 291
261 294
262 263
262 271
262 273
262 276
262 300
263 267
264 278
264 279
264 286
264 300
265 266
265 269
265 282
265 292
266 284
266 290
266 293
267 277
267 279
267 289
269 279
269 282
270 279
270 281
270 282
270 283
270 284
270 287
270 299
271 279
271 282
271 287
271 299
272 279
272 287
272 291
272 293
273 293
273 294
274 275
275 279
275 282
275 287
276 280
276 283
276 286
277 285
277 293
277 295
278 299
279 282
279 283
279 286
279 287
279 297
279 298
280 282
280 299
281 295
281 297
282 283
282 284
282 287
282 289
282 290
282 293
282 299
283 286
284 285
284 300
285 286
285 297
286 290
287 293
288 296
289 291
290 294
295 299
299 300
