1 5
1 8
1 13
1 14
1 20
1 23
1 29
1 49
1 51
1 63
1 65
1 93
1 110
1 118
1 124
1 131
1 135
1 144
1 178
1 187
1 190
1 207
1 212
1 223
1 229
1 231
1 233
1 237
1 249
1 250
1 254
1 261
1 263
1 265
1 269
1 276
1 293
2 9
2 13
2 23
2 25
2 32
2 47
2 74
2 89
2 103
2 104
2 105
2 111
2 118
2 128
2 145
2 147
2 156
2 163
2 168
2 172
2 179
2 185
2 188
2 196
2 216
2 224
2 227
2 234
2 248
2 278
2 287
3 16
3 20
3 23
3 26
3 31
3 41
3 46
3 50
3 63
3 65
3 66
3 76
3 78
3 84
3 92
3 93
3 94
3 128
3 135
3 138
3 146
3 153
3 155
3 165
3 166
3 168
3 187
3 197
3 198
3 199
3 201
3 202
3 210
3 212
3 213
3 225
3 228
3 233
3 234
3 235
3 241
3 242
3 247
3 259
3 261
3 264
3 267
3 271
3 274
3 275
3 278
3 281
3 283
3 287
4 16
4 25
4 27
4 52
4 63
4 65
4 75
4 84
4 116
4 129
4 132
4 141
4 178
4 207
4 211
4 213
4 225
4 239
4 240
4 257
4 266
4 267
4 269
4 277
4 281
5 8
5 11
5 14
5 15
5 17
5 25
5 32
5 42
5 46
5 50
5 56
5 76
5 89
5 91
5 92
5 93
5 96
5 103
5 111
5 118
5 122
5 123
5 125
5 136
5 139
5 148
5 156
5 159
5 160
5 165
5 168
5 172
5 178
5 185
5 190
5 198
5 199
5 201
5 207
5 210
5 212
5 217
5 226
5 233
5 236
5 238
5 240
5 241
5 247
5 252
5 253
5 256
5 257
5 259
5 261
5 262
5 263
5 269
5 271
5 283
5 284
5 286
5 287
5 292
5 300
6 51
6 73
6 102
6 106
6 120
6 126
6 138
6 148
6 172
6 188
6 189
6 211
6 216
6 218
6 222
6 227
6 237
6 261
6 269
6 270
6 275
6 289
6 292
7 8
7 16
7 19
7 21
7 23
7 24
7 27
7 32
7 38
7 44
7 46
7 50
7 52
7 63
7 68
7 72
7 75
7 80
7 85
7 90
7 91
7 93
7 95
7 109
7 114
7 120
7 121
7 123
7 127
7 132
7 134
7 135
7 145
7 146
7 150
7 151
7 172
7 185
7 190
7 191
7 194
7 196
7 198
7 201
7 202
7 204
7 205
7 207
7 210
7 212
7 219
7 221
7 226
7 233
7 240
7 242
7 255
7 257
7 259
7 271
7 273
7 274
7 275
7 285
7 287
7 292
8 14
8 16
8 19
8 23
8 24
8 27
8 29
8 32
8 35
8 37
8 38
8 41
8 44
8 46
8 50
8 51
8 52
8 54
8 60
8 63
8 64
8 65
8 67
8 68
8 69
8 75
8 77
8 80
8 82
8 85
8 86
8 88
8 91
8 92
8 93
8 94
8 95
8 99
8 101
8 102
8 103
8 109
8 111
8 113
8 114
8 118
8 119
8 120
8 123
8 125
8 126
8 127
8 134
8 135
8 136
8 138
8 139
8 142
8 146
8 148
8 150
8 151
8 153
8 154
8 155
8 163
8 165
8 167
8 168
8 169
8 170
8 172
8 180
8 188
8 190
8 191
8 194
8 196
8 197
8 198
8 200
8 201
8 202
8 205
8 208
8 210
8 212
8 213
8 214
8 217
8 219
8 221
8 222
8 223
8 226
8 227
8 230
8 231
8 232
8 233
8 241
8 242
8 245
8 246
8 247
8 248
8 249
8 252
8 253
8 254
8 257
8 258
8 259
8 260
8 262
8 263
8 264
8 268
8 270
8 271
8 274
8 278
8 280
8 284
8 285
8 286
8 287
8 292
8 294
8 300
9 14
9 25
9 28
9 29
9 30
9 32
9 51
9 60
9 70
9 91
9 99
9 102
9 105
9 112
9 118
9 130
9 135
9 137
9 139
9 151
9 152
9 161
9 166
9 167
9 173
9 178
9 201
9 212
9 230
9 248
9 251
9 253
9 255
9 269
9 277
9 287
9 292
9 300
10 19
10 22
10 33
10 34
10 57
10 94
10 101
10 104
10 122
10 131
10 142
10 150
10 155
10 160
10 166
10 178
10 179
10 180
10 187
10 193
10 197
10 198
10 207
10 229
10 252
10 264
10 265
10 276
10 287
10 296
11 27
11 43
11 46
11 49
11 52
11 62
11 64
11 72
11 83
11 95
11 104
11 106
11 112
11 133
11 134
11 141
11 145
11 147
11 172
11 179
11 181
11 217
11 224
11 248
11 253
11 255
11 262
11 276
11 283
11 287
12 36
12 54
12 58
12 63
12 83
12 91
12 100
12 102
12 128
12 190
12 232
12 240
12 248
12 255
12 258
12 270
12 285
13 18
13 29
13 46
13 48
13 49
13 68
13 79
13 96
13 108
13 110
13 112
13 125
13 136
13 142
13 183
13 193
13 194
13 207
13 218
13 221
13 222
13 238
13 262
13 269
13 279
14 19
14 23
14 24
14 32
14 35
14 36
14 37
14 40
14 42
14 46
14 58
14 59
14 61
14 85
14 91
14 92
14 93
14 94
14 101
14 102
14 103
14 109
14 118
14 122
14 123
14 125
14 126
14 135
14 139
14 148
14 153
14 160
14 165
14 168
14 175
14 179
14 187
14 190
14 196
14 198
14 201
14 205
14 210
14 212
14 217
14 219
14 225
14 226
14 233
14 243
14 246
14 247
14 248
14 249
14 253
14 259
14 262
14 263
14 271
14 274
14 285
14 286
14 287
14 292
14 293
14 299
15 20
15 33
15 76
15 81
15 85
15 92
15 93
15 102
15 103
15 121
15 147
15 152
15 169
15 178
15 181
15 188
15 197
15 201
15 202
15 205
15 210
15 216
15 224
15 233
15 238
15 254
15 263
15 273
15 274
15 281
15 283
15 287
15 291
15 292
16 17
16 18
16 19
16 23
16 24
16 32
16 45
16 46
16 51
16 52
16 54
16 63
16 65
16 74
16 78
16 85
16 88
16 92
16 93
16 94
16 95
16 99
16 102
16 104
16 109
16 114
16 115
16 117
16 118
16 120
16 123
16 127
16 128
16 132
16 135
16 138
16 139
16 143
16 146
16 148
16 151
16 153
16 156
16 165
16 169
16 170
16 185
16 188
16 190
16 197
16 201
16 202
16 203
16 208
16 209
16 210
16 212
16 214
16 215
16 216
16 219
16 221
16 222
16 224
16 225
16 226
16 227
16 232
16 233
16 246
16 247
16 248
16 254
16 257
16 259
16 273
16 274
16 278
16 283
16 284
16 285
16 287
16 300
17 19
17 21
17 23
17 30
17 35
17 42
17 44
17 51
17 58
17 63
17 66
17 67
17 71
17 72
17 79
17 85
17 91
17 93
17 101
17 103
17 109
17 118
17 125
17 131
17 132
17 134
17 135
17 137
17 139
17 144
17 148
17 149
17 150
17 153
17 154
17 155
17 160
17 162
17 168
17 169
17 172
17 177
17 178
17 190
17 192
17 194
17 196
17 198
17 200
17 201
17 210
17 211
17 212
17 217
17 226
17 231
17 233
17 241
17 242
17 247
17 248
17 249
17 253
17 257
17 259
17 263
17 267
17 271
17 274
17 284
17 285
17 287
17 288
17 292
17 293
17 294
17 300
18 19
18 23
18 35
18 41
18 47
18 51
18 65
18 68
18 99
18 111
18 128
18 164
18 167
18 172
18 194
18 201
18 214
18 221
18 222
18 223
18 225
18 234
18 241
18 256
18 259
18 284
18 294
19 23
19 24
19 28
19 31
19 35
19 38
19 42
19 44
19 45
19 46
19 51
19 55
19 58
19 65
19 66
19 68
19 70
19 77
19 85
19 86
19 91
19 92
19 93
19 95
19 101
19 103
19 105
19 106
19 109
19 118
19 123
19 127
19 130
19 134
19 135
19 139
19 147
19 148
19 153
19 155
19 160
19 167
19 168
19 171
19 172
19 175
19 178
19 184
19 190
19 191
19 196
19 197
19 200
19 201
19 202
19 205
19 210
19 212
19 217
19 221
19 226
19 228
19 229
19 230
19 231
19 232
19 233
19 242
19 247
19 248
19 249
19 250
19 253
19 255
19 257
19 259
19 260
19 264
19 268
19 271
19 273
19 274
19 279
19 282
19 284
19 287
19 288
19 292
19 297
20 22
20 26
20 34
20 43
20 52
20 54
20 55
20 78
20 81
20 84
20 93
20 99
20 100
20 101
20 112
20 120
20 133
20 144
20 160
20 172
20 177
20 180
20 196
20 199
20 210
20 225
20 229
20 236
20 247
20 248
20 254
20 258
20 262
20 276
20 280
20 281
20 300
21 40
21 53
21 62
21 72
21 101
21 107
21 116
21 124
21 142
21 162
21 177
21 178
21 186
21 205
21 211
21 221
21 222
21 230
21 243
21 252
21 255
21 276
21 290
21 299
22 27
22 44
22 47
22 55
22 56
22 59
22 84
22 86
22 88
22 101
22 107
22 119
22 139
22 144
22 149
22 167
22 172
22 176
22 184
22 189
22 194
22 230
22 271
22 277
22 285
22 289
22 294
23 24
23 25
23 29
23 32
23 35
23 38
23 40
23 42
23 44
23 46
23 50
23 54
23 58
23 63
23 65
23 72
23 74
23 78
23 82
23 85
23 88
23 89
23 91
23 92
23 93
23 94
23 98
23 101
23 102
23 108
23 109
23 111
23 113
23 118
23 120
23 121
23 122
23 123
23 124
23 140
23 142
23 145
23 148
23 150
23 151
23 152
23 153
23 154
23 160
23 161
23 165
23 166
23 168
23 169
23 172
23 173
23 178
23 179
23 184
23 185
23 188
23 189
23 190
23 191
23 194
23 195
23 196
23 198
23 200
23 201
23 202
23 204
23 205
23 207
23 210
23 212
23 214
23 224
23 228
23 232
23 233
23 235
23 241
23 246
23 247
23 248
23 250
23 252
23 253
23 254
23 255
23 256
23 257
23 259
23 263
23 264
23 266
23 269
23 271
23 272
23 274
23 276
23 278
23 285
23 286
23 287
23 292
24 26
24 28
24 31
24 32
24 34
24 35
24 63
24 78
24 85
24 86
24 89
24 91
24 92
24 93
24 99
24 103
24 104
24 109
24 135
24 139
24 148
24 149
24 153
24 154
24 155
24 165
24 166
24 180
24 182
24 188
24 190
24 192
24 196
24 200
24 201
24 210
24 212
24 217
24 220
24 222
24 226
24 241
24 248
24 249
24 253
24 255
24 257
24 259
24 260
24 270
24 272
24 273
24 274
24 278
24 281
24 282
24 284
24 285
24 287
24 289
24 292
24 295
24 296
25 73
25 74
25 78
25 97
25 110
25 112
25 131
25 133
25 144
25 145
25 152
25 160
25 169
25 173
25 181
25 183
25 186
25 210
25 215
25 222
25 237
25 241
25 252
25 257
25 262
25 278
25 287
25 289
26 48
26 58
26 66
26 73
26 79
26 87
26 92
26 93
26 99
26 103
26 110
26 112
26 131
26 133
26 145
26 148
26 151
26 170
26 225
26 228
26 241
26 250
26 270
26 283
26 292
26 294
27 37
27 44
27 55
27 66
27 75
27 85
27 91
27 93
27 95
27 103
27 108
27 109
27 122
27 129
27 155
27 163
27 164
27 171
27 177
27 179
27 182
27 183
27 189
27 190
27 192
27 201
27 210
27 211
27 217
27 226
27 232
27 234
27 248
27 253
27 255
27 256
27 259
27 286
27 287
27 288
27 290
27 291
27 296
27 300
28 61
28 83
28 84
28 119
28 136
28 138
28 148
28 160
28 172
28 173
28 175
28 179
28 183
28 189
28 193
28 196
28 201
28 215
28 219
28 238
28 260
28 272
28 282
28 287
28 296
28 300
29 39
29 50
29 80
29 82
29 91
29 115
29 118
29 126
29 127
29 146
29 148
29 149
29 162
29 180
29 189
29 193
29 195
29 196
29 202
29 208
29 222
29 227
29 234
29 248
29 254
29 257
29 260
29 263
29 287
30 31
30 38
30 42
30 48
30 52
30 53
30 56
30 57
30 62
30 64
30 70
30 76
30 93
30 98
30 101
30 120
30 124
30 125
30 126
30 130
30 153
30 164
30 169
30 186
30 189
30 196
30 200
30 204
30 216
30 218
30 232
30 247
30 251
30 253
30 262
30 263
30 284
31 33
31 41
31 56
31 65
31 68
31 76
31 78
31 94
31 108
31 121
31 128
31 129
31 141
31 143
31 153
31 155
31 160
31 161
31 169
31 175
31 200
31 202
31 204
31 214
31 222
31 265
31 266
31 270
31 277
31 287
32 35
32 38
32 42
32 44
32 46
32 54
32 57
32 63
32 64
32 65
32 67
32 69
32 75
32 81
32 91
32 92
32 93
32 94
32 101
32 102
32 109
32 111
32 114
32 118
32 120
32 122
32 123
32 127
32 128
32 131
32 132
32 135
32 139
32 144
32 148
32 151
32 153
32 159
32 168
32 169
32 170
32 172
32 186
32 188
32 189
32 190
32 191
32 192
32 196
32 197
32 198
32 199
32 200
32 201
32 207
32 208
32 210
32 212
32 214
32 217
32 220
32 225
32 226
32 230
32 232
32 233
32 241
32 242
32 244
32 247
32 248
32 249
32 253
32 257
32 259
32 262
32 263
32 271
32 274
32 279
32 284
32 285
32 287
32 291
32 292
33 35
33 40
33 43
33 68
33 80
33 95
33 105
33 112
33 122
33 139
33 160
33 164
33 167
33 168
33 177
33 178
33 184
33 194
33 206
33 210
33 212
33 218
33 226
33 236
33 242
33 260
33 263
33 273
33 294
34 49
34 60
34 69
34 99
34 103
34 106
34 110
34 112
34 124
34 128
34 131
34 138
34 139
34 149
34 158
34 184
34 203
34 212
34 228
34 265
34 273
34 278
34 280
34 281
35 37
35 38
35 44
35 46
35 47
35 61
35 63
35 69
35 72
35 76
35 77
35 91
35 92
35 93
35 101
35 102
35 104
35 109
35 118
35 125
35 127
35 131
35 134
35 136
35 139
35 146
35 155
35 157
35 160
35 167
35 173
35 185
35 190
35 191
35 193
35 194
35 198
35 201
35 202
35 210
35 212
35 213
35 217
35 224
35 225
35 227
35 234
35 236
35 242
35 248
35 249
35 253
35 255
35 257
35 259
35 263
35 284
35 286
35 287
35 292
35 299
36 46
36 77
36 89
36 93
36 103
36 107
36 109
36 111
36 131
36 137
36 139
36 142
36 147
36 154
36 186
36 195
36 206
36 220
36 231
36 234
36 236
36 243
36 270
36 271
36 297
37 44
37 46
37 57
37 75
37 91
37 92
37 93
37 101
37 103
37 104
37 111
37 120
37 131
37 135
37 138
37 139
37 141
37 148
37 152
37 162
37 178
37 181
37 205
37 210
37 212
37 217
37 226
37 232
37 247
37 248
37 253
37 259
37 263
37 265
37 268
37 271
37 279
37 280
37 284
37 285
37 287
37 298
38 39
38 42
38 43
38 46
38 58
38 70
38 75
38 88
38 92
38 93
38 97
38 102
38 110
38 117
38 118
38 125
38 129
38 135
38 138
38 139
38 156
38 158
38 159
38 160
38 162
38 165
38 170
38 175
38 180
38 190
38 196
38 197
38 198
38 199
38 201
38 210
38 212
38 224
38 231
38 233
38 235
38 236
38 241
38 245
38 248
38 249
38 253
38 255
38 259
38 263
38 271
38 272
38 277
38 280
38 284
38 285
38 286
38 287
38 292
38 299
38 300
39 82
39 93
39 95
39 108
39 110
39 116
39 117
39 130
39 138
39 151
39 153
39 166
39 170
39 186
39 194
39 198
39 204
39 207
39 241
39 249
39 252
39 266
39 269
39 279
39 292
40 50
40 51
40 63
40 69
40 93
40 103
40 109
40 121
40 132
40 133
40 140
40 144
40 147
40 148
40 154
40 159
40 188
40 194
40 205
40 206
40 207
40 210
40 212
40 228
40 233
40 234
40 238
40 242
40 252
40 253
40 256
40 259
40 261
40 268
40 283
40 286
40 287
40 289
40 298
40 300
41 43
41 49
41 63
41 64
41 65
41 67
41 69
41 74
41 98
41 110
41 167
41 188
41 190
41 197
41 202
41 213
41 224
41 233
41 241
41 245
41 246
41 259
41 279
41 281
41 287
41 290
42 46
42 50
42 53
42 63
42 78
42 79
42 90
42 91
42 92
42 93
42 97
42 102
42 103
42 109
42 112
42 118
42 125
42 139
42 141
42 148
42 159
42 160
42 167
42 168
42 169
42 172
42 173
42 174
42 178
42 179
42 186
42 190
42 193
42 197
42 201
42 208
42 212
42 215
42 216
42 217
42 221
42 223
42 226
42 232
42 233
42 234
42 236
42 241
42 248
42 249
42 253
42 255
42 257
42 259
42 263
42 271
42 273
42 274
42 276
42 287
42 292
42 293
42 294
42 300
43 45
43 47
43 54
43 66
43 77
43 83
43 99
43 126
43 138
43 142
43 151
43 159
43 160
43 164
43 175
43 184
43 224
43 231
43 241
43 255
43 259
43 275
43 282
43 283
43 285
43 294
44 48
44 68
44 77
44 89
44 92
44 103
44 107
44 109
44 118
44 124
44 127
44 161
44 168
44 188
44 190
44 201
44 209
44 210
44 233
44 252
44 253
44 257
44 259
44 269
44 277
44 287
44 292
44 293
44 295
45 54
45 74
45 116
45 141
45 146
45 151
45 156
45 167
45 176
45 183
45 189
45 201
45 212
45 213
45 222
45 226
45 237
45 255
45 259
45 268
45 276
45 300
46 50
46 51
46 54
46 55
46 63
46 69
46 72
46 75
46 77
46 85
46 86
46 91
46 92
46 93
46 97
46 101
46 102
46 109
46 114
46 118
46 122
46 125
46 135
46 136
46 139
46 144
46 145
46 148
46 153
46 155
46 157
46 160
46 162
46 164
46 165
46 166
46 170
46 172
46 186
46 190
46 192
46 196
46 197
46 198
46 200
46 201
46 202
46 205
46 210
46 212
46 217
46 219
46 225
46 233
46 240
46 242
46 246
46 253
46 259
46 263
46 264
46 269
46 273
46 285
46 286
46 287
46 292
46 300
47 55
47 56
47 81
47 84
47 92
47 99
47 116
47 137
47 158
47 173
47 175
47 179
47 181
47 185
47 188
47 213
47 220
47 242
47 249
47 270
47 272
47 282
47 284
47 287
47 300
48 49
48 70
48 94
48 142
48 160
48 178
48 188
48 194
48 198
48 207
48 227
48 231
48 236
48 237
48 244
48 254
48 264
48 280
48 283
48 290
48 300
49 60
49 70
49 94
49 105
49 125
49 150
49 171
49 177
49 188
49 199
49 244
49 261
49 268
49 272
49 273
49 276
49 283
49 299
50 52
50 53
50 59
50 63
50 64
50 78
50 80
50 86
50 88
50 95
50 103
50 109
50 116
50 128
50 135
50 136
50 150
50 152
50 156
50 161
50 171
50 173
50 179
50 189
50 192
50 198
50 201
50 202
50 212
50 215
50 218
50 235
50 250
50 253
50 256
50 259
50 262
50 263
50 267
50 270
50 276
50 286
50 287
50 291
50 294
51 55
51 65
51 69
51 71
51 85
51 92
51 114
51 120
51 121
51 131
51 132
51 133
51 136
51 153
51 155
51 156
51 172
51 194
51 198
51 216
51 245
51 249
51 274
51 282
51 287
51 292
52 67
52 78
52 80
52 82
52 89
52 98
52 106
52 109
52 120
52 121
52 127
52 130
52 131
52 137
52 142
52 145
52 149
52 151
52 155
52 157
52 166
52 178
52 181
52 188
52 190
52 194
52 197
52 199
52 205
52 212
52 215
52 217
52 221
52 229
52 236
52 240
52 242
52 245
52 251
52 253
52 257
52 262
52 273
52 283
52 287
52 297
53 78
53 79
53 94
53 96
53 101
53 107
53 109
53 113
53 114
53 125
53 126
53 128
53 144
53 148
53 169
53 198
53 203
53 208
53 224
53 227
53 230
53 233
53 240
53 246
53 252
53 255
53 258
53 275
53 276
53 285
53 290
54 66
54 84
54 86
54 118
54 120
54 122
54 133
54 134
54 135
54 141
54 145
54 148
54 152
54 159
54 164
54 165
54 167
54 174
54 191
54 207
54 212
54 233
54 236
54 238
54 258
54 264
54 273
54 284
54 285
55 67
55 84
55 92
55 101
55 127
55 134
55 161
55 169
55 175
55 189
55 215
55 220
55 229
55 232
55 261
55 272
56 67
56 71
56 76
56 85
56 99
56 102
56 124
56 128
56 139
56 140
56 162
56 166
56 171
56 189
56 250
56 266
56 267
56 284
56 287
56 294
56 298
56 300
57 63
57 81
57 91
57 96
57 101
57 122
57 137
57 142
57 148
57 165
57 168
57 172
57 198
57 201
57 210
57 221
57 229
57 233
57 253
57 263
57 278
57 279
57 287
57 288
57 297
57 299
58 78
58 83
58 86
58 107
58 121
58 131
58 190
58 191
58 193
58 207
58 214
58 218
58 221
58 227
58 229
58 233
58 235
58 250
58 296
59 72
59 74
59 80
59 90
59 91
59 119
59 126
59 131
59 139
59 145
59 151
59 179
59 189
59 190
59 226
59 240
59 241
59 259
59 265
59 268
59 271
60 64
60 85
60 89
60 91
60 93
60 99
60 103
60 110
60 126
60 138
60 145
60 151
60 199
60 208
60 209
60 213
60 226
60 231
60 235
60 241
60 242
60 253
60 271
60 274
60 275
60 287
60 300
61 63
61 104
61 105
61 124
61 129
61 142
61 179
61 186
61 195
61 230
61 255
61 258
61 259
61 267
61 288
61 293
62 64
62 70
62 82
62 83
62 89
62 130
62 137
62 140
62 145
62 153
62 169
62 170
62 171
62 175
62 198
62 204
62 221
62 240
62 247
62 254
62 259
62 275
62 287
62 289
62 290
63 65
63 67
63 69
63 70
63 76
63 84
63 90
63 91
63 101
63 102
63 109
63 113
63 114
63 115
63 116
63 118
63 119
63 120
63 122
63 123
63 124
63 125
63 132
63 135
63 139
63 141
63 142
63 146
63 147
63 148
63 150
63 151
63 153
63 157
63 160
63 165
63 167
63 168
63 172
63 179
63 185
63 188
63 190
63 194
63 196
63 198
63 200
63 201
63 202
63 203
63 205
63 206
63 207
63 210
63 212
63 215
63 217
63 221
63 222
63 225
63 226
63 230
63 231
63 233
63 234
63 238
63 241
63 246
63 247
63 249
63 252
63 253
63 255
63 256
63 257
63 259
63 262
63 263
63 267
63 271
63 274
63 283
63 285
63 286
63 287
63 292
63 297
64 65
64 93
64 96
64 97
64 103
64 135
64 137
64 151
64 152
64 153
64 182
64 208
64 212
64 226
64 247
64 252
64 253
64 277
64 285
64 287
65 74
65 84
65 92
65 93
65 95
65 105
65 109
65 110
65 111
65 112
65 113
65 118
65 135
65 146
65 161
65 166
65 168
65 179
65 181
65 190
65 191
65 197
65 201
65 206
65 207
65 212
65 227
65 248
65 249
65 263
65 278
65 287
65 296
66 74
66 81
66 86
66 113
66 138
66 147
66 157
66 170
66 178
66 185
66 205
66 208
66 210
66 216
66 221
66 267
66 279
66 285
66 288
67 69
67 76
67 94
67 114
67 118
67 136
67 144
67 153
67 158
67 166
67 169
67 170
67 177
67 190
67 207
67 225
67 227
67 233
67 238
67 241
67 246
67 255
67 257
67 269
67 278
67 284
67 289
68 90
68 103
68 123
68 124
68 137
68 145
68 146
68 163
68 167
68 184
68 187
68 191
68 229
68 235
68 249
68 252
68 255
68 267
68 270
68 274
68 285
68 290
68 292
69 75
69 91
69 105
69 116
69 118
69 127
69 135
69 146
69 148
69 168
69 172
69 180
69 181
69 190
69 197
69 212
69 220
69 255
69 258
69 287
69 296
70 71
70 101
70 120
70 132
70 137
70 157
70 174
70 185
70 186
70 203
70 212
70 224
70 238
70 240
70 246
70 250
70 251
70 253
70 258
70 267
70 281
70 283
70 288
70 295
71 73
71 74
71 81
71 92
71 96
71 97
71 102
71 139
71 149
71 163
71 168
71 175
71 203
71 204
71 207
71 208
71 218
71 226
71 244
71 268
71 282
71 283
72 78
72 89
72 91
72 124
72 126
72 130
72 133
72 146
72 152
72 156
72 162
72 199
72 201
72 212
72 244
72 253
72 258
72 275
72 277
72 287
72 297
73 102
73 121
73 126
73 129
73 148
73 165
73 168
73 173
73 190
73 193
73 197
73 201
73 202
73 204
73 214
73 237
73 239
73 249
73 255
73 287
74 81
74 87
74 96
74 111
74 132
74 153
74 159
74 201
74 229
74 282
74 285
74 297
74 298
74 299
75 76
75 79
75 82
75 92
75 93
75 112
75 135
75 138
75 148
75 150
75 153
75 154
75 157
75 158
75 165
75 169
75 183
75 190
75 194
75 212
75 226
75 232
75 241
75 247
75 248
75 251
75 254
75 259
75 260
75 261
75 262
75 265
75 271
75 272
75 274
75 277
75 278
75 287
76 88
76 91
76 103
76 105
76 156
76 162
76 180
76 183
76 210
76 242
76 247
76 253
76 255
76 265
76 271
76 286
76 287
76 292
77 91
77 93
77 116
77 126
77 130
77 131
77 166
77 168
77 171
77 178
77 185
77 186
77 198
77 209
77 210
77 215
77 224
77 234
77 241
77 247
77 253
77 255
77 269
77 278
77 290
77 298
78 88
78 91
78 109
78 118
78 127
78 128
78 150
78 161
78 168
78 177
78 184
78 188
78 190
78 191
78 203
78 207
78 211
78 212
78 213
78 219
78 225
78 249
78 253
78 255
78 259
78 275
78 276
78 287
78 295
78 300
79 87
79 91
79 92
79 98
79 101
79 102
79 109
79 118
79 125
79 140
79 149
79 162
79 178
79 190
79 196
79 197
79 198
79 201
79 202
79 208
79 210
79 211
79 212
79 222
79 224
79 225
79 242
79 248
79 249
79 259
79 287
79 292
79 296
80 94
80 96
80 104
80 118
80 129
80 134
80 157
80 178
80 179
80 190
80 198
80 240
80 253
80 262
80 271
80 281
81 85
81 87
81 94
81 109
81 117
81 127
81 132
81 135
81 137
81 143
81 145
81 167
81 179
81 182
81 186
81 196
81 197
81 202
81 249
81 259
81 261
81 268
82 96
82 98
82 118
82 119
82 148
82 161
82 184
82 186
82 201
82 208
82 211
82 213
82 238
82 247
82 253
82 276
82 296
83 91
83 103
83 112
83 119
83 126
83 136
83 138
83 142
83 143
83 153
83 164
83 182
83 198
83 217
83 224
83 232
83 235
83 241
83 248
83 253
83 255
83 268
83 281
83 282
83 289
83 294
84 108
84 121
84 156
84 158
84 182
84 185
84 192
84 202
84 209
84 221
84 222
84 227
84 237
84 242
84 245
84 257
84 261
84 267
84 296
85 92
85 93
85 95
85 101
85 109
85 118
85 123
85 126
85 135
85 137
85 140
85 148
85 150
85 153
85 172
85 176
85 188
85 191
85 201
85 207
85 209
85 211
85 212
85 219
85 224
85 226
85 230
85 233
85 240
85 241
85 242
85 258
85 259
85 282
85 287
85 292
85 294
86 87
86 115
86 116
86 128
86 139
86 150
86 160
86 164
86 222
86 259
86 261
86 268
86 273
86 283
87 100
87 103
87 109
87 134
87 135
87 153
87 171
87 189
87 201
87 204
87 215
87 216
87 218
87 220
87 222
87 232
87 239
87 241
87 260
87 277
88 91
88 92
88 93
88 96
88 109
88 130
88 138
88 139
88 150
88 158
88 159
88 190
88 212
88 233
88 246
88 248
88 251
88 267
88 269
88 271
88 287
88 292
89 99
89 100
89 111
89 121
89 212
89 223
89 226
89 237
89 255
89 258
89 265
89 283
89 287
89 293
89 296
90 95
90 97
90 111
90 115
90 122
90 133
90 134
90 139
90 140
90 143
90 209
90 210
90 212
90 215
90 263
90 285
91 92
91 93
91 94
91 95
91 102
91 106
91 109
91 114
91 118
91 119
91 122
91 123
91 125
91 127
91 129
91 132
91 135
91 138
91 139
91 144
91 148
91 153
91 160
91 165
91 169
91 170
91 172
91 180
91 182
91 184
91 190
91 192
91 196
91 197
91 199
91 200
91 201
91 202
91 207
91 209
91 210
91 212
91 214
91 217
91 224
91 225
91 226
91 233
91 240
91 241
91 242
91 246
91 248
91 249
91 252
91 253
91 254
91 257
91 259
91 262
91 263
91 264
91 270
91 278
91 285
91 286
91 287
91 290
91 292
91 295
92 93
92 101
92 102
92 103
92 109
92 113
92 118
92 122
92 126
92 127
92 131
92 135
92 139
92 142
92 145
92 148
92 151
92 153
92 159
92 160
92 165
92 169
92 172
92 173
92 175
92 179
92 189
92 190
92 197
92 201
92 202
92 206
92 209
92 210
92 212
92 217
92 221
92 225
92 226
92 229
92 233
92 234
92 238
92 242
92 250
92 253
92 254
92 257
92 259
92 263
92 264
92 268
92 271
92 274
92 285
92 286
92 287
92 292
92 294
92 297
92 298
92 300
93 94
93 97
93 101
93 102
93 103
93 109
93 118
93 121
93 123
93 125
93 127
93 133
93 135
93 142
93 145
93 147
93 148
93 151
93 153
93 154
93 156
93 159
93 160
93 162
93 165
93 172
93 175
93 178
93 188
93 190
93 191
93 193
93 194
93 196
93 197
93 200
93 201
93 202
93 207
93 209
93 210
93 212
93 217
93 221
93 222
93 226
93 232
93 233
93 234
93 237
93 246
93 248
93 253
93 255
93 257
93 259
93 262
93 263
93 271
93 274
93 275
93 278
93 284
93 286
93 287
93 288
93 291
93 292
93 294
93 300
94 107
94 109
94 118
94 123
94 148
94 150
94 152
94 155
94 165
94 166
94 167
94 190
94 200
94 201
94 206
94 209
94 210
94 212
94 213
94 215
94 217
94 224
94 225
94 238
94 244
94 258
94 259
94 263
94 265
94 268
94 282
94 287
94 292
95 97
95 98
95 101
95 109
95 136
95 138
95 143
95 180
95 199
95 214
95 217
95 218
95 224
95 231
95 232
95 244
95 252
95 255
95 257
95 274
95 286
95 287
95 295
96 100
96 104
96 127
96 135
96 158
96 165
96 177
96 194
96 222
96 226
96 231
96 240
96 247
96 259
96 267
96 270
96 286
96 287
97 98
97 101
97 112
97 123
97 132
97 139
97 140
97 207
97 209
97 220
97 222
97 233
97 248
97 253
97 270
97 278
97 282
97 287
97 290
97 292
98 118
98 121
98 123
98 131
98 133
98 153
98 176
98 179
98 196
98 218
98 233
98 236
98 254
99 101
99 103
99 105
99 125
99 132
99 139
99 150
99 162
99 172
99 187
99 208
99 214
99 221
99 224
99 226
99 237
99 238
99 251
99 253
99 283
99 286
99 287
99 292
100 118
100 121
100 128
100 134
100 142
100 153
100 178
100 190
100 201
100 204
100 218
100 221
100 223
100 233
100 244
100 248
100 254
100 276
100 278
100 288
100 300
101 102
101 103
101 107
101 113
101 116
101 117
101 118
101 120
101 122
101 123
101 125
101 127
101 131
101 135
101 139
101 140
101 144
101 146
101 148
101 151
101 152
101 153
101 154
101 155
101 160
101 165
101 166
101 168
101 169
101 170
101 190
101 198
101 200
101 201
101 204
101 210
101 212
101 217
101 218
101 220
101 222
101 225
101 226
101 231
101 233
101 241
101 242
101 248
101 249
101 252
101 253
101 257
101 259
101 261
101 262
101 263
101 269
101 271
101 280
101 283
101 285
101 287
101 292
101 300
102 103
102 114
102 118
102 125
102 131
102 139
102 144
102 160
102 163
102 165
102 170
102 190
102 198
102 201
102 207
102 209
102 210
102 212
102 225
102 226
102 231
102 233
102 234
102 236
102 241
102 248
102 253
102 257
102 259
102 262
102 263
102 268
102 269
102 271
102 282
102 286
102 287
102 290
102 292
102 300
103 107
103 109
103 110
103 111
103 118
103 122
103 123
103 125
103 129
103 135
103 139
103 147
103 153
103 159
103 160
103 168
103 172
103 175
103 179
103 184
103 186
103 189
103 190
103 192
103 199
103 201
103 210
103 225
103 226
103 227
103 232
103 233
103 234
103 240
103 246
103 248
103 249
103 253
103 257
103 263
103 268
103 271
103 273
103 284
103 286
103 287
103 288
103 292
103 299
103 300
104 121
104 126
104 131
104 137
104 148
104 149
104 188
104 221
104 224
104 229
104 230
104 231
104 232
104 246
104 247
104 255
104 259
104 273
104 289
104 298
105 106
105 111
105 112
105 113
105 117
105 120
105 148
105 149
105 152
105 157
105 161
105 163
105 180
105 183
105 192
105 193
105 203
105 216
105 221
105 257
105 264
105 276
106 107
106 120
106 121
106 126
106 145
106 153
106 158
106 170
106 174
106 179
106 181
106 191
106 194
106 203
106 213
106 225
106 244
106 249
106 267
106 268
106 270
106 272
106 281
106 287
106 289
106 293
107 116
107 122
107 128
107 161
107 163
107 172
107 177
107 189
107 211
107 225
107 227
107 240
107 251
107 270
107 277
107 281
107 286
107 296
107 298
108 109
108 118
108 121
108 131
108 134
108 140
108 144
108 157
108 160
108 163
108 187
108 191
108 192
108 210
108 222
108 232
108 239
108 277
108 280
109 111
109 118
109 123
109 125
109 126
109 128
109 133
109 135
109 146
109 148
109 150
109 153
109 165
109 167
109 168
109 169
109 170
109 172
109 179
109 182
109 184
109 185
109 188
109 190
109 196
109 197
109 198
109 200
109 201
109 207
109 210
109 212
109 214
109 217
109 225
109 226
109 227
109 230
109 232
109 233
109 234
109 241
109 243
109 246
109 247
109 248
109 249
109 252
109 253
109 255
109 259
109 263
109 265
109 268
109 276
109 280
109 282
109 285
109 287
109 292
109 294
109 297
109 299
110 124
110 155
110 159
110 167
110 179
110 201
110 205
110 212
110 213
110 215
110 243
110 273
110 283
110 285
110 290
110 296
111 113
111 118
111 122
111 153
111 165
111 172
111 175
111 179
111 190
111 199
111 201
111 204
111 212
111 216
111 226
111 230
111 232
111 239
111 240
111 244
111 257
111 266
111 285
111 287
112 116
112 126
112 129
112 143
112 153
112 157
112 171
112 181
112 185
112 193
112 197
112 199
112 205
112 206
112 251
112 253
112 258
112 276
113 118
113 125
113 139
113 176
113 181
113 190
113 197
113 198
113 199
113 212
113 224
113 236
113 253
113 268
113 275
113 287
114 144
114 150
114 155
114 156
114 165
114 167
114 173
114 208
114 219
114 230
114 240
114 278
114 279
114 280
114 287
114 290
114 293
114 296
115 121
115 124
115 140
115 146
115 166
115 176
115 181
115 190
115 197
115 212
115 222
115 229
115 231
115 234
115 240
115 243
115 269
115 277
115 282
115 287
115 290
115 295
116 127
116 132
116 142
116 175
116 183
116 184
116 190
116 197
116 219
116 223
116 242
116 269
116 280
116 283
117 120
117 146
117 148
117 152
117 155
117 183
117 192
117 204
117 210
117 212
117 214
117 221
117 224
117 228
117 233
117 251
117 256
117 263
117 276
117 287
118 120
118 121
118 122
118 123
118 125
118 127
118 131
118 132
118 135
118 138
118 139
118 140
118 144
118 146
118 148
118 150
118 153
118 154
118 155
118 160
118 167
118 168
118 169
118 170
118 172
118 178
118 179
118 183
118 184
118 190
118 191
118 196
118 197
118 198
118 199
118 200
118 201
118 210
118 212
118 217
118 219
118 224
118 225
118 226
118 232
118 233
118 235
118 241
118 242
118 248
118 249
118 253
118 255
118 257
118 259
118 262
118 263
118 268
118 271
118 274
118 279
118 284
118 285
118 286
118 287
118 288
118 292
118 294
118 296
118 300
119 127
119 136
119 146
119 155
119 157
119 163
119 164
119 166
119 167
119 180
119 183
119 197
119 199
119 206
119 221
119 234
119 240
119 268
119 270
119 271
119 273
119 276
119 278
119 279
120 135
120 141
120 144
120 148
120 152
120 153
120 163
120 169
120 174
120 181
120 187
120 188
120 190
120 198
120 201
120 210
120 212
120 214
120 215
120 218
120 219
120 226
120 238
120 248
120 254
120 259
120 287
120 292
120 297
121 122
121 124
121 125
121 127
121 139
121 156
121 172
121 176
121 179
121 181
121 187
121 201
121 204
121 244
121 252
121 266
121 281
121 286
121 292
122 125
122 127
122 129
122 135
122 139
122 140
122 144
122 146
122 148
122 154
122 155
122 160
122 164
122 165
122 167
122 168
122 172
122 190
122 198
122 199
122 200
122 201
122 207
122 210
122 212
122 217
122 218
122 226
122 227
122 233
122 242
122 247
122 249
122 250
122 253
122 254
122 257
122 258
122 259
122 263
122 271
122 285
122 287
122 300
123 125
123 135
123 138
123 139
123 147
123 148
123 153
123 157
123 162
123 165
123 166
123 169
123 170
123 173
123 190
123 192
123 196
123 201
123 205
123 208
123 210
123 212
123 217
123 220
123 225
123 226
123 229
123 233
123 242
123 243
123 246
123 247
123 248
123 249
123 250
123 253
123 254
123 257
123 259
123 274
123 275
123 276
123 282
123 284
123 285
123 287
123 289
123 290
123 292
124 142
124 149
124 150
124 158
124 173
124 180
124 236
124 274
124 286
124 291
125 127
125 132
125 139
125 144
125 153
125 154
125 163
125 168
125 169
125 170
125 175
125 177
125 178
125 190
125 198
125 201
125 207
125 208
125 210
125 212
125 217
125 218
125 219
125 231
125 232
125 233
125 236
125 241
125 242
125 246
125 250
125 252
125 253
125 254
125 259
125 261
125 262
125 263
125 271
125 275
125 277
125 284
125 287
125 292
125 294
125 300
126 134
126 135
126 139
126 147
126 152
126 161
126 162
126 186
126 192
126 193
126 194
126 198
126 207
126 210
126 212
126 241
126 248
126 257
126 263
126 281
126 282
126 287
126 290
126 295
127 139
127 146
127 170
127 187
127 190
127 194
127 199
127 201
127 206
127 209
127 212
127 221
127 224
127 228
127 232
127 233
127 234
127 240
127 245
127 247
127 248
127 256
127 257
127 259
127 271
127 286
127 287
127 288
127 292
128 139
128 156
128 159
128 174
128 179
128 185
128 190
128 191
128 198
128 200
128 201
128 209
128 240
128 249
128 268
128 283
129 156
129 159
129 176
129 200
129 201
129 206
129 212
129 214
129 232
129 240
129 251
129 253
129 260
129 291
129 299
130 137
130 145
130 222
130 223
130 230
130 249
130 253
130 259
130 274
130 277
130 282
131 138
131 139
131 148
131 161
131 164
131 174
131 177
131 192
131 203
131 205
131 211
131 233
131 237
131 242
131 244
131 260
131 266
131 269
131 275
131 278
131 283
131 290
131 292
131 300
132 133
132 134
132 135
132 149
132 155
132 161
132 162
132 172
132 181
132 182
132 183
132 185
132 190
132 199
132 201
132 210
132 212
132 218
132 231
132 249
132 251
132 252
132 253
132 257
132 259
132 287
132 292
132 298
133 144
133 145
133 151
133 178
133 204
133 228
133 234
133 251
133 269
133 273
133 279
133 283
133 295
133 297
133 300
134 135
134 142
134 145
134 156
134 162
134 171
134 203
134 204
134 240
134 245
134 247
134 255
134 284
134 298
135 136
135 139
135 146
135 148
135 150
135 151
135 153
135 159
135 165
135 168
135 171
135 172
135 175
135 179
135 188
135 190
135 191
135 192
135 194
135 196
135 197
135 201
135 202
135 205
135 207
135 210
135 212
135 217
135 221
135 225
135 226
135 231
135 233
135 237
135 241
135 242
135 247
135 248
135 249
135 253
135 257
135 259
135 262
135 268
135 273
135 278
135 283
135 284
135 286
135 287
135 289
135 291
135 293
135 297
136 140
136 148
136 154
136 156
136 159
136 162
136 176
136 178
136 182
136 184
136 185
136 188
136 206
136 207
136 212
136 218
136 224
136 240
136 268
136 285
136 287
136 293
137 178
137 190
137 221
137 226
137 228
137 233
137 242
137 257
137 262
137 279
137 282
138 156
138 161
138 184
138 190
138 191
138 194
138 195
138 198
138 199
138 202
138 209
138 210
138 221
138 222
138 223
138 231
138 234
138 243
138 244
138 247
138 248
138 262
138 263
138 265
138 268
138 270
138 274
138 281
138 282
138 286
138 287
138 288
138 292
138 295
139 147
139 148
139 157
139 165
139 168
139 169
139 170
139 172
139 177
139 183
139 190
139 197
139 201
139 205
139 207
139 209
139 210
139 212
139 217
139 218
139 224
139 225
139 226
139 231
139 233
139 242
139 246
139 247
139 249
139 250
139 253
139 255
139 257
139 259
139 260
139 262
139 273
139 284
139 287
139 292
140 168
140 179
140 184
140 193
140 199
140 215
140 217
140 243
140 248
140 257
140 263
140 266
140 269
140 285
140 286
140 289
140 292
140 294
140 295
141 160
141 161
141 167
141 180
141 207
141 209
141 226
141 230
141 233
141 244
141 260
141 283
141 285
142 145
142 148
142 155
142 156
142 166
142 196
142 210
142 212
142 217
142 226
142 228
142 245
142 248
142 249
142 250
142 253
142 255
142 256
142 261
142 267
142 270
142 274
142 287
143 153
143 162
143 163
143 200
143 249
143 256
143 281
143 289
143 294
144 151
144 160
144 167
144 168
144 174
144 175
144 179
144 181
144 190
144 201
144 202
144 219
144 222
144 233
144 237
144 241
144 249
144 252
144 253
144 256
144 263
144 285
144 286
144 287
144 292
144 297
145 149
145 159
145 174
145 185
145 189
145 191
145 199
145 210
145 220
145 253
145 277
145 279
145 284
145 292
145 293
145 295
146 151
146 158
146 164
146 168
146 182
146 183
146 190
146 201
146 207
146 209
146 212
146 213
146 231
146 249
146 254
146 270
146 287
146 300
147 148
147 166
147 171
147 192
147 198
147 205
147 206
147 208
147 212
147 213
147 217
147 221
147 225
147 228
147 249
147 286
147 299
148 151
148 153
148 154
148 160
148 165
148 172
148 175
148 176
148 178
148 188
148 190
148 194
148 196
148 197
148 198
148 201
148 202
148 203
148 205
148 207
148 210
148 212
148 214
148 220
148 225
148 226
148 227
148 231
148 233
148 235
148 241
148 242
148 244
148 246
148 247
148 248
148 249
148 250
148 251
148 252
148 253
148 257
148 259
148 262
148 263
148 264
148 271
148 272
148 278
148 283
148 284
148 285
148 286
148 287
148 288
148 292
148 297
149 152
149 168
149 193
149 219
149 223
149 236
149 248
149 259
149 262
149 300
150 169
150 181
150 190
150 200
150 201
150 210
150 212
150 226
150 231
150 241
150 253
150 260
150 267
150 275
150 278
150 287
150 291
150 298
150 300
151 166
151 190
151 194
151 210
151 212
151 216
151 221
151 228
151 241
151 248
151 257
151 263
151 264
151 287
152 177
152 178
152 193
152 205
152 219
152 238
152 261
152 266
152 273
152 274
152 278
152 279
153 159
153 160
153 165
153 166
153 170
153 172
153 182
153 184
153 187
153 190
153 196
153 197
153 198
153 200
153 201
153 202
153 207
153 210
153 212
153 226
153 229
153 231
153 233
153 241
153 242
153 243
153 247
153 248
153 253
153 257
153 259
153 262
153 265
153 268
153 271
153 273
153 274
153 276
153 285
153 287
153 292
154 159
154 160
154 175
154 190
154 191
154 192
154 201
154 218
154 222
154 226
154 227
154 233
154 236
154 241
154 253
154 255
154 260
154 285
154 287
155 163
155 167
155 172
155 175
155 198
155 215
155 221
155 236
155 252
155 257
155 284
155 297
156 157
156 178
156 189
156 201
156 210
156 230
156 239
156 274
156 281
156 293
157 165
157 179
157 181
157 201
157 221
157 229
157 235
157 249
157 262
157 276
157 279
157 287
157 295
157 299
158 169
158 176
158 186
158 192
158 212
158 215
158 222
158 237
158 243
158 247
158 248
158 262
158 263
158 284
158 287
159 162
159 172
159 182
159 184
159 191
159 201
159 202
159 206
159 214
159 215
159 216
159 223
159 233
159 248
159 255
159 256
159 257
159 262
159 263
159 281
159 285
159 288
159 298
159 300
160 163
160 167
160 168
160 170
160 172
160 178
160 179
160 186
160 190
160 201
160 203
160 210
160 212
160 216
160 217
160 218
160 226
160 233
160 234
160 248
160 249
160 253
160 257
160 259
160 261
160 263
160 264
160 271
160 273
160 276
160 287
160 288
160 292
160 300
161 186
161 190
161 198
161 203
161 206
161 212
161 214
161 219
161 224
161 261
161 267
161 268
161 269
161 287
161 297
162 169
162 171
162 183
162 185
162 200
162 203
162 221
162 223
162 228
162 241
162 247
162 257
162 268
162 276
162 286
162 288
162 296
162 300
163 170
163 177
163 188
163 198
163 210
163 227
163 288
164 168
164 181
164 185
164 188
164 189
164 203
164 234
164 263
164 274
165 171
165 179
165 186
165 189
165 190
165 195
165 197
165 201
165 204
165 207
165 209
165 210
165 212
165 217
165 227
165 233
165 242
165 244
165 247
165 248
165 249
165 257
165 259
165 272
165 283
165 287
166 170
166 176
166 182
166 190
166 193
166 198
166 201
166 204
166 212
166 217
166 220
166 221
166 231
166 235
166 243
166 248
166 249
166 252
166 257
166 261
166 279
166 285
166 287
166 292
166 296
167 179
167 181
167 185
167 187
167 219
167 257
167 259
167 261
167 270
167 271
167 277
167 286
168 169
168 170
168 176
168 177
168 179
168 188
168 190
168 198
168 207
168 210
168 212
168 216
168 223
168 224
168 225
168 226
168 230
168 231
168 233
168 241
168 242
168 243
168 248
168 249
168 253
168 259
168 263
168 268
168 271
168 275
168 285
168 287
168 290
168 292
169 185
169 190
169 195
169 197
169 198
169 201
169 207
169 208
169 212
169 225
169 226
169 232
169 243
169 248
169 252
169 253
169 257
169 259
169 263
169 274
169 278
169 285
169 286
169 287
169 288
169 292
169 294
169 299
170 177
170 179
170 190
170 199
170 201
170 210
170 212
170 225
170 226
170 247
170 248
170 249
170 253
170 259
170 271
170 273
170 282
170 285
170 287
170 292
170 293
170 300
171 194
171 205
171 211
171 213
171 214
171 226
171 228
171 237
171 239
171 249
171 267
171 278
171 287
172 175
172 178
172 179
172 190
172 191
172 192
172 201
172 204
172 210
172 212
172 221
172 224
172 225
172 226
172 231
172 233
172 246
172 249
172 254
172 257
172 259
172 261
172 262
172 271
172 275
172 287
172 296
173 192
173 201
173 217
173 235
173 238
173 248
173 254
173 274
173 283
173 293
173 298
174 175
174 180
174 181
174 192
174 203
174 218
174 219
174 236
174 277
174 278
174 283
175 207
175 210
175 226
175 233
175 240
175 251
175 252
175 253
175 259
175 264
175 276
175 281
175 287
175 288
175 296
176 179
176 181
176 188
176 191
176 216
176 222
176 225
176 229
176 239
176 245
176 249
176 265
176 276
176 281
176 285
177 188
177 190
177 192
177 216
177 233
177 239
177 242
177 264
177 267
178 180
178 182
178 188
178 194
178 198
178 202
178 208
178 210
178 216
178 217
178 218
178 221
178 223
178 233
178 248
178 253
178 287
179 181
179 183
179 186
179 190
179 192
179 201
179 210
179 212
179 217
179 233
179 246
179 248
179 249
179 252
179 253
179 257
179 259
179 262
179 271
179 280
179 285
179 287
179 289
179 292
180 190
180 210
180 212
180 259
181 203
181 210
181 219
181 224
181 228
181 244
182 185
182 190
182 192
182 220
182 232
182 234
182 248
182 254
182 255
182 279
183 201
183 217
183 233
183 234
183 241
183 253
183 255
183 256
183 257
183 259
183 285
183 287
183 293
184 190
184 201
184 233
184 242
184 253
184 254
184 257
184 265
184 283
184 295
185 189
185 202
185 207
185 215
185 216
185 229
185 231
185 235
185 257
185 265
185 272
185 280
185 281
185 283
185 290
185 300
186 191
186 198
186 228
186 236
186 267
186 270
186 280
187 191
187 226
187 229
187 263
187 281
187 285
188 190
188 198
188 200
188 201
188 208
188 210
188 212
188 231
188 240
188 248
188 259
188 267
188 272
188 274
188 287
188 294
189 198
189 208
189 211
189 215
189 217
189 218
189 236
189 238
189 239
189 248
189 252
189 255
189 261
189 262
189 300
190 191
190 196
190 197
190 198
190 199
190 200
190 201
190 203
190 205
190 207
190 210
190 212
190 217
190 221
190 224
190 225
190 226
190 227
190 230
190 233
190 241
190 242
190 244
190 246
190 247
190 248
190 249
190 252
190 253
190 257
190 259
190 261
190 262
190 266
190 268
190 271
190 274
190 276
190 278
190 284
190 285
190 286
190 287
190 292
190 294
190 300
191 196
191 200
191 201
191 207
191 211
191 212
191 233
191 245
191 248
191 257
191 259
191 265
191 270
191 274
191 279
191 286
191 287
191 288
191 293
192 193
192 204
192 210
192 224
192 230
192 247
192 253
192 257
192 286
192 287
192 292
192 294
192 296
193 199
193 201
193 203
193 231
193 247
193 253
193 261
193 263
193 294
194 200
194 210
194 212
194 214
194 225
194 235
194 241
194 248
194 252
194 272
194 287
194 298
195 200
195 243
195 249
195 254
195 276
195 279
195 287
195 294
195 299
196 201
196 212
196 223
196 226
196 228
196 231
196 233
196 234
196 241
196 244
196 248
196 251
196 252
196 253
196 258
196 259
196 262
196 263
196 269
196 270
196 287
196 292
197 201
197 203
197 206
197 209
197 210
197 212
197 223
197 227
197 233
197 248
197 250
197 257
197 259
197 264
197 265
197 274
197 283
197 287
197 292
198 210
198 212
198 225
198 226
198 240
198 248
198 249
198 250
198 252
198 253
198 254
198 255
198 257
198 262
198 263
198 267
198 268
198 271
198 273
198 274
198 278
198 282
198 285
198 287
198 292
198 299
198 300
199 200
199 212
199 217
199 220
199 231
199 233
199 236
199 245
199 248
199 252
199 253
199 254
199 272
199 287
199 295
200 201
200 207
200 210
200 212
200 221
200 224
200 225
200 232
200 233
200 241
200 247
200 249
200 253
200 257
200 258
200 259
200 263
200 265
200 266
200 271
200 274
200 275
200 286
200 287
200 292
201 207
201 210
201 212
201 214
201 216
201 217
201 223
201 225
201 226
201 233
201 235
201 240
201 241
201 242
201 246
201 247
201 248
201 249
201 253
201 254
201 257
201 259
201 263
201 268
201 271
201 274
201 278
201 282
201 284
201 285
201 287
201 292
201 294
201 295
201 299
201 300
202 208
202 209
202 212
202 215
202 222
202 226
202 233
202 249
202 251
202 253
202 254
202 259
202 264
202 287
203 210
203 231
203 238
203 257
203 281
203 284
203 289
203 300
204 211
204 216
204 251
204 252
204 257
204 271
204 276
204 280
204 284
204 298
205 212
205 214
205 219
205 226
205 233
205 234
205 252
205 259
205 264
205 265
205 275
205 276
205 286
205 287
205 288
206 207
206 214
206 228
206 231
206 235
206 264
206 271
206 272
206 275
206 298
206 300
207 210
207 212
207 215
207 217
207 223
207 233
207 244
207 247
207 248
207 249
207 253
207 254
207 257
207 259
207 260
207 265
207 274
207 286
207 287
207 290
207 297
208 221
208 246
208 247
208 250
208 264
208 271
208 276
209 226
209 231
209 235
209 238
209 253
209 268
209 271
209 297
209 299
210 212
210 216
210 217
210 221
210 224
210 225
210 226
210 234
210 236
210 241
210 242
210 246
210 247
210 248
210 249
210 252
210 253
210 257
210 258
210 259
210 262
210 263
210 270
210 271
210 273
210 274
210 278
210 279
210 280
210 281
210 284
210 285
210 286
210 287
210 292
210 294
210 297
210 299
210 300
211 217
211 220
211 236
211 277
211 300
212 214
212 215
212 217
212 219
212 224
212 225
212 226
212 227
212 230
212 231
212 233
212 240
212 241
212 242
212 245
212 246
212 247
212 248
212 249
212 250
212 252
212 253
212 257
212 259
212 260
212 262
212 263
212 264
212 268
212 271
212 272
212 274
212 278
212 281
212 283
212 284
212 285
212 286
212 287
212 289
212 292
212 294
212 297
212 299
213 224
213 230
213 255
213 265
213 291
213 300
214 215
214 225
214 246
214 251
214 253
214 259
214 284
214 287
215 240
215 246
215 248
215 263
215 278
215 281
215 287
216 224
216 225
216 228
216 230
216 244
216 253
216 265
216 273
216 279
216 299
217 248
217 249
217 250
217 257
217 259
217 263
217 264
217 269
217 271
217 280
217 287
217 288
217 292
217 297
218 219
218 230
218 234
218 236
218 253
218 282
218 290
218 292
218 299
219 233
219 242
219 244
219 273
220 249
220 258
220 264
220 278
220 287
221 222
221 226
221 233
221 249
221 254
221 255
221 274
221 284
221 286
221 287
222 226
222 237
222 238
222 258
222 260
222 263
222 267
222 281
222 282
223 226
223 231
223 244
223 265
223 268
223 279
223 282
223 287
224 230
224 235
224 243
224 248
224 249
224 257
224 264
224 271
224 273
224 276
224 283
224 287
224 298
225 226
225 233
225 238
225 240
225 242
225 245
225 247
225 248
225 252
225 253
225 257
225 259
225 263
225 270
225 271
225 272
225 282
225 285
225 287
225 299
226 230
226 233
226 241
226 242
226 250
226 253
226 256
226 257
226 259
226 260
226 262
226 263
226 269
226 271
226 282
226 284
226 287
226 292
226 293
226 297
227 234
227 238
227 250
227 273
227 275
227 277
227 282
227 288
228 239
228 248
228 253
228 271
228 279
228 283
229 239
229 248
229 249
229 254
229 274
229 276
229 279
229 284
230 238
230 247
230 253
230 255
230 257
230 259
230 276
230 279
230 287
230 300
231 232
231 233
231 237
231 247
231 249
231 259
231 262
231 263
231 275
231 281
231 286
231 287
231 292
231 297
231 299
232 235
232 248
232 253
232 255
232 266
232 267
232 294
232 300
233 241
233 242
233 246
233 247
233 248
233 249
233 250
233 252
233 253
233 254
233 257
233 259
233 261
233 263
233 264
233 268
233 271
233 275
233 282
233 285
233 286
233 287
233 292
233 293
233 300
234 251
234 263
234 266
234 276
234 286
234 289
234 294
234 300
235 245
235 277
235 287
235 289
235 293
235 298
236 253
236 264
236 269
236 275
236 287
236 299
236 300
237 239
237 258
237 263
237 266
237 267
237 270
237 286
237 296
237 297
238 251
238 265
238 270
238 279
239 247
239 254
239 256
239 258
239 263
239 266
239 287
240 252
240 253
240 269
240 279
240 288
240 293
240 298
241 248
241 252
241 253
241 255
241 259
241 263
241 266
241 272
241 282
241 285
241 287
241 292
242 244
242 249
242 253
242 257
242 259
242 262
242 264
242 267
242 285
242 287
242 292
243 256
243 266
243 268
243 277
243 278
243 279
243 285
243 288
244 260
244 271
244 275
244 298
245 247
245 268
245 273
245 280
245 289
245 294
246 249
246 252
246 254
246 259
246 260
246 263
246 272
246 280
246 286
246 287
246 294
246 299
247 248
247 252
247 253
247 256
247 257
247 259
247 263
247 265
247 266
247 272
247 274
247 284
247 286
247 287
247 290
247 292
247 294
248 249
248 250
248 252
248 253
248 257
248 259
248 260
248 262
248 263
248 271
248 274
248 276
248 277
248 285
248 287
248 290
248 292
249 253
249 255
249 257
249 259
249 263
249 269
249 271
249 276
249 287
249 291
249 292
249 296
250 253
250 255
250 259
250 263
250 268
250 269
250 287
250 288
251 296
251 297
251 298
252 259
252 262
252 263
252 270
252 285
252 287
252 292
252 298
253 257
253 259
253 262
253 263
253 268
253 269
253 270
253 271
253 272
253 285
253 286
253 287
253 288
253 290
253 292
253 295
253 300
254 262
254 287
255 259
255 265
255 276
255 282
255 285
256 285
256 287
256 292
256 300
257 259
257 262
257 263
257 271
257 274
257 285
257 287
257 292
257 300
258 261
258 265
259 262
259 263
259 264
259 268
259 271
259 273
259 274
259 276
259 278
259 284
259 285
259 286
259 287
259 292
259 297
259 300
260 262
260 288
260 298
261 263
261 265
261 281
261 285
261 290
261 291
261 294
261 297
262 263
262 272
262 276
262 282
262 283
262 287
262 292
262 300
263 271
263 283
263 285
263 287
263 300
264 276
264 278
264 279
264 286
265 266
265 272
265 274
265 282
265 296
266 268
266 274
266 284
266 290
266 293
266 300
267 279
267 288
268 287
269 279
269 289
270 282
270 300
271 274
271 281
271 285
271 287
271 296
271 298
271 299
272 283
272 288
272 291
273 282
273 293
274 278
274 283
274 287
274 297
275 282
275 287
275 297
276 280
276 286
277 285
277 295
278 280
278 281
278 287
278 299
279 297
279 298
279 299
280 282
280 293
281 294
281 299
282 287
282 292
282 294
283 287
284 287
284 292
285 287
285 288
285 292
285 297
286 287
286 290
286 295
286 297
287 292
287 297
288 296
288 298
289 291
292 300
299 300
